/*--------------------------------*- C++ -*----------------------------------*\
| =========                 |                                                 |
| \\      /  F ield         | OpenFOAM: The Open Source CFD Toolbox           |
|  \\    /   O peration     | Version:  v1906                                 |
|   \\  /    A nd           | Web:      www.OpenFOAM.com                      |
|    \\/     M anipulation  |                                                 |
\*---------------------------------------------------------------------------*/
FoamFile
{
    version     2.0;
    format      ascii;
    class       labelList;
    location    "constant/adh19/polyMesh";
    object      faceRegionAddressing;
}
// * * * * * * * * * * * * * * * * * * * * * * * * * * * * * * * * * * * * * //


10100
(
94801
94802
94803
94804
94805
94806
94807
94808
94809
94810
94811
94812
94813
94814
94815
94816
94817
94818
94819
94820
94821
94822
94823
94824
94825
94826
94827
94828
94829
94830
94831
94832
94833
94834
94835
94836
94837
94838
94839
94840
94841
94842
94843
94844
94845
94846
94847
94848
94849
94850
94851
94852
94853
94854
94855
94856
94857
94858
94859
94860
94861
94862
94863
94864
94865
94866
94867
94868
94869
94870
94871
94872
94873
94874
94875
94876
94877
94878
94879
94880
94881
94882
94883
94884
94885
94886
94887
94888
94889
94890
94891
94892
94893
94894
94895
94896
94897
94898
94899
94900
94901
94902
94903
94904
94905
94906
94907
94908
94909
94910
94911
94912
94913
94914
94915
94916
94917
94918
94919
94920
94921
94922
94923
94924
94925
94926
94927
94928
94929
94930
94931
94932
94933
94934
94935
94936
94937
94938
94939
94940
94941
94942
94943
94944
94945
94946
94947
94948
94949
94950
94951
94952
94953
94954
94955
94956
94957
94958
94959
94960
94961
94962
94963
94964
94965
94966
94967
94968
94969
94970
94971
94972
94973
94974
94975
94976
94977
94978
94979
94980
94981
94982
94983
94984
94985
94986
94987
94988
94989
94990
94991
94992
94993
94994
94995
94996
94997
94998
94999
95000
95001
95002
95003
95004
95005
95006
95007
95008
95009
95010
95011
95012
95013
95014
95015
95016
95017
95018
95019
95020
95021
95022
95023
95024
95025
95026
95027
95028
95029
95030
95031
95032
95033
95034
95035
95036
95037
95038
95039
95040
95041
95042
95043
95044
95045
95046
95047
95048
95049
95050
95051
95052
95053
95054
95055
95056
95057
95058
95059
95060
95061
95062
95063
95064
95065
95066
95067
95068
95069
95070
95071
95072
95073
95074
95075
95076
95077
95078
95079
95080
95081
95082
95083
95084
95085
95086
95087
95088
95089
95090
95091
95092
95093
95094
95095
95096
95097
95098
95099
95100
95101
95102
95103
95104
95105
95106
95107
95108
95109
95110
95111
95112
95113
95114
95115
95116
95117
95118
95119
95120
95121
95122
95123
95124
95125
95126
95127
95128
95129
95130
95131
95132
95133
95134
95135
95136
95137
95138
95139
95140
95141
95142
95143
95144
95145
95146
95147
95148
95149
95150
95151
95152
95153
95154
95155
95156
95157
95158
95159
95160
95161
95162
95163
95164
95165
95166
95167
95168
95169
95170
95171
95172
95173
95174
95175
95176
95177
95178
95179
95180
95181
95182
95183
95184
95185
95186
95187
95188
95189
95190
95191
95192
95193
95194
95195
95196
95197
95198
95199
95200
95201
95202
95203
95204
95205
95206
95207
95208
95209
95210
95211
95212
95213
95214
95215
95216
95217
95218
95219
95220
95221
95222
95223
95224
95225
95226
95227
95228
95229
95230
95231
95232
95233
95234
95235
95236
95237
95238
95239
95240
95241
95242
95243
95244
95245
95246
95247
95248
95249
95250
95251
95252
95253
95254
95255
95256
95257
95258
95259
95260
95261
95262
95263
95264
95265
95266
95267
95268
95269
95270
95271
95272
95273
95274
95275
95276
95277
95278
95279
95280
95281
95282
95283
95284
95285
95286
95287
95288
95289
95290
95291
95292
95293
95294
95295
95296
95297
95298
95299
95300
95301
95302
95303
95304
95305
95306
95307
95308
95309
95310
95311
95312
95313
95314
95315
95316
95317
95318
95319
95320
95321
95322
95323
95324
95325
95326
95327
95328
95329
95330
95331
95332
95333
95334
95335
95336
95337
95338
95339
95340
95341
95342
95343
95344
95345
95346
95347
95348
95349
95350
95351
95352
95353
95354
95355
95356
95357
95358
95359
95360
95361
95362
95363
95364
95365
95366
95367
95368
95369
95370
95371
95372
95373
95374
95375
95376
95377
95378
95379
95380
95381
95382
95383
95384
95385
95386
95387
95388
95389
95390
95391
95392
95393
95394
95395
95396
95397
95398
95399
95400
95401
95402
95403
95404
95405
95406
95407
95408
95409
95410
95411
95412
95413
95414
95415
95416
95417
95418
95419
95420
95421
95422
95423
95424
95425
95426
95427
95428
95429
95430
95431
95432
95433
95434
95435
95436
95437
95438
95439
95440
95441
95442
95443
95444
95445
95446
95447
95448
95449
95450
95451
95452
95453
95454
95455
95456
95457
95458
95459
95460
95461
95462
95463
95464
95465
95466
95467
95468
95469
95470
95471
95472
95473
95474
95475
95476
95477
95478
95479
95480
95481
95482
95483
95484
95485
95486
95487
95488
95489
95490
95491
95492
95493
95494
95495
95496
95497
95498
95499
95500
95501
95502
95503
95504
95505
95506
95507
95508
95509
95510
95511
95512
95513
95514
95515
95516
95517
95518
95519
95520
95521
95522
95523
95524
95525
95526
95527
95528
95529
95530
95531
95532
95533
95534
95535
95536
95537
95538
95539
95540
95541
95542
95543
95544
95545
95546
95547
95548
95549
95550
95551
95552
95553
95554
95555
95556
95557
95558
95559
95560
95561
95562
95563
95564
95565
95566
95567
95568
95569
95570
95571
95572
95573
95574
95575
95576
95577
95578
95579
95580
95581
95582
95583
95584
95585
95586
95587
95588
95589
95590
95591
95592
95593
95594
95595
95596
95597
95598
95599
95600
95601
95602
95603
95604
95605
95606
95607
95608
95609
95610
95611
95612
95613
95614
95615
95616
95617
95618
95619
95620
95621
95622
95623
95624
95625
95626
95627
95628
95629
95630
95631
95632
95633
95634
95635
95636
95637
95638
95639
95640
95641
95642
95643
95644
95645
95646
95647
95648
95649
95650
95651
95652
95653
95654
95655
95656
95657
95658
95659
95660
95661
95662
95663
95664
95665
95666
95667
95668
95669
95670
95671
95672
95673
95674
95675
95676
95677
95678
95679
95680
95681
95682
95683
95684
95685
95686
95687
95688
95689
95690
95691
95692
95693
95694
95695
95696
95697
95698
95699
95700
95701
95702
95703
95704
95705
95706
95707
95708
95709
95710
95711
95712
95713
95714
95715
95716
95717
95718
95719
95720
95721
95722
95723
95724
95725
95726
95727
95728
95729
95730
95731
95732
95733
95734
95735
95736
95737
95738
95739
95740
95741
95742
95743
95744
95745
95746
95747
95748
95749
95750
95751
95752
95753
95754
95755
95756
95757
95758
95759
95760
95761
95762
95763
95764
95765
95766
95767
95768
95769
95770
95771
95772
95773
95774
95775
95776
95777
95778
95779
95780
95781
95782
95783
95784
95785
95786
95787
95788
95789
95790
95791
95792
95793
95794
95795
95796
95797
95798
95799
95800
95801
95802
95803
95804
95805
95806
95807
95808
95809
95810
95811
95812
95813
95814
95815
95816
95817
95818
95819
95820
95821
95822
95823
95824
95825
95826
95827
95828
95829
95830
95831
95832
95833
95834
95835
95836
95837
95838
95839
95840
95841
95842
95843
95844
95845
95846
95847
95848
95849
95850
95851
95852
95853
95854
95855
95856
95857
95858
95859
95860
95861
95862
95863
95864
95865
95866
95867
95868
95869
95870
95871
95872
95873
95874
95875
95876
95877
95878
95879
95880
95881
95882
95883
95884
95885
95886
95887
95888
95889
95890
95891
95892
95893
95894
95895
95896
95897
95898
95899
95900
95901
95902
95903
95904
95905
95906
95907
95908
95909
95910
95911
95912
95913
95914
95915
95916
95917
95918
95919
95920
95921
95922
95923
95924
95925
95926
95927
95928
95929
95930
95931
95932
95933
95934
95935
95936
95937
95938
95939
95940
95941
95942
95943
95944
95945
95946
95947
95948
95949
95950
95951
95952
95953
95954
95955
95956
95957
95958
95959
95960
95961
95962
95963
95964
95965
95966
95967
95968
95969
95970
95971
95972
95973
95974
95975
95976
95977
95978
95979
95980
95981
95982
95983
95984
95985
95986
95987
95988
95989
95990
95991
95992
95993
95994
95995
95996
95997
95998
95999
96000
96001
96002
96003
96004
96005
96006
96007
96008
96009
96010
96011
96012
96013
96014
96015
96016
96017
96018
96019
96020
96021
96022
96023
96024
96025
96026
96027
96028
96029
96030
96031
96032
96033
96034
96035
96036
96037
96038
96039
96040
96041
96042
96043
96044
96045
96046
96047
96048
96049
96050
96051
96052
96053
96054
96055
96056
96057
96058
96059
96060
96061
96062
96063
96064
96065
96066
96067
96068
96069
96070
96071
96072
96073
96074
96075
96076
96077
96078
96079
96080
96081
96082
96083
96084
96085
96086
96087
96088
96089
96090
96091
96092
96093
96094
96095
96096
96097
96098
96099
96100
96101
96102
96103
96104
96105
96106
96107
96108
96109
96110
96111
96112
96113
96114
96115
96116
96117
96118
96119
96120
96121
96122
96123
96124
96125
96126
96127
96128
96129
96130
96131
96132
96133
96134
96135
96136
96137
96138
96139
96140
96141
96142
96143
96144
96145
96146
96147
96148
96149
96150
96151
96152
96153
96154
96155
96156
96157
96158
96159
96160
96161
96162
96163
96164
96165
96166
96167
96168
96169
96170
96171
96172
96173
96174
96175
96176
96177
96178
96179
96180
96181
96182
96183
96184
96185
96186
96187
96188
96189
96190
96191
96192
96193
96194
96195
96196
96197
96198
96199
96200
96201
96202
96203
96204
96205
96206
96207
96208
96209
96210
96211
96212
96213
96214
96215
96216
96217
96218
96219
96220
96221
96222
96223
96224
96225
96226
96227
96228
96229
96230
96231
96232
96233
96234
96235
96236
96237
96238
96239
96240
96241
96242
96243
96244
96245
96246
96247
96248
96249
96250
96251
96252
96253
96254
96255
96256
96257
96258
96259
96260
96261
96262
96263
96264
96265
96266
96267
96268
96269
96270
96271
96272
96273
96274
96275
96276
96277
96278
96279
96280
96281
96282
96283
96284
96285
96286
96287
96288
96289
96290
96291
96292
96293
96294
96295
96296
96297
96298
96299
96300
96301
96302
96303
96304
96305
96306
96307
96308
96309
96310
96311
96312
96313
96314
96315
96316
96317
96318
96319
96320
96321
96322
96323
96324
96325
96326
96327
96328
96329
96330
96331
96332
96333
96334
96335
96336
96337
96338
96339
96340
96341
96342
96343
96344
96345
96346
96347
96348
96349
96350
96351
96352
96353
96354
96355
96356
96357
96358
96359
96360
96361
96362
96363
96364
96365
96366
96367
96368
96369
96370
96371
96372
96373
96374
96375
96376
96377
96378
96379
96380
96381
96382
96383
96384
96385
96386
96387
96388
96389
96390
96391
96392
96393
96394
96395
96396
96397
96398
96399
96400
96401
96402
96403
96404
96405
96406
96407
96408
96409
96410
96411
96412
96413
96414
96415
96416
96417
96418
96419
96420
96421
96422
96423
96424
96425
96426
96427
96428
96429
96430
96431
96432
96433
96434
96435
96436
96437
96438
96439
96440
96441
96442
96443
96444
96445
96446
96447
96448
96449
96450
96451
96452
96453
96454
96455
96456
96457
96458
96459
96460
96461
96462
96463
96464
96465
96466
96467
96468
96469
96470
96471
96472
96473
96474
96475
96476
96477
96478
96479
96480
96481
96482
96483
96484
96485
96486
96487
96488
96489
96490
96491
96492
96493
96494
96495
96496
96497
96498
96499
96500
96501
96502
96503
96504
96505
96506
96507
96508
96509
96510
96511
96512
96513
96514
96515
96516
96517
96518
96519
96520
96521
96522
96523
96524
96525
96526
96527
96528
96529
96530
96531
96532
96533
96534
96535
96536
96537
96538
96539
96540
96541
96542
96543
96544
96545
96546
96547
96548
96549
96550
96551
96552
96553
96554
96555
96556
96557
96558
96559
96560
96561
96562
96563
96564
96565
96566
96567
96568
96569
96570
96571
96572
96573
96574
96575
96576
96577
96578
96579
96580
96581
96582
96583
96584
96585
96586
96587
96588
96589
96590
96591
96592
96593
96594
96595
96596
96597
96598
96599
96600
96601
96602
96603
96604
96605
96606
96607
96608
96609
96610
96611
96612
96613
96614
96615
96616
96617
96618
96619
96620
96621
96622
96623
96624
96625
96626
96627
96628
96629
96630
96631
96632
96633
96634
96635
96636
96637
96638
96639
96640
96641
96642
96643
96644
96645
96646
96647
96648
96649
96650
96651
96652
96653
96654
96655
96656
96657
96658
96659
96660
96661
96662
96663
96664
96665
96666
96667
96668
96669
96670
96671
96672
96673
96674
96675
96676
96677
96678
96679
96680
96681
96682
96683
96684
96685
96686
96687
96688
96689
96690
96691
96692
96693
96694
96695
96696
96697
96698
96699
96700
96701
96702
96703
96704
96705
96706
96707
96708
96709
96710
96711
96712
96713
96714
96715
96716
96717
96718
96719
96720
96721
96722
96723
96724
96725
96726
96727
96728
96729
96730
96731
96732
96733
96734
96735
96736
96737
96738
96739
96740
96741
96742
96743
96744
96745
96746
96747
96748
96749
96750
96751
96752
96753
96754
96755
96756
96757
96758
96759
96760
96761
96762
96763
96764
96765
96766
96767
96768
96769
96770
96771
96772
96773
96774
96775
96776
96777
96778
96779
96780
96781
96782
96783
96784
96785
96786
96787
96788
96789
96790
96791
96792
96793
96794
96795
96796
96797
96798
96799
96800
96801
96802
96803
96804
96805
96806
96807
96808
96809
96810
96811
96812
96813
96814
96815
96816
96817
96818
96819
96820
96821
96822
96823
96824
96825
96826
96827
96828
96829
96830
96831
96832
96833
96834
96835
96836
96837
96838
96839
96840
96841
96842
96843
96844
96845
96846
96847
96848
96849
96850
96851
96852
96853
96854
96855
96856
96857
96858
96859
96860
96861
96862
96863
96864
96865
96866
96867
96868
96869
96870
96871
96872
96873
96874
96875
96876
96877
96878
96879
96880
96881
96882
96883
96884
96885
96886
96887
96888
96889
96890
96891
96892
96893
96894
96895
96896
96897
96898
96899
96900
96901
96902
96903
96904
96905
96906
96907
96908
96909
96910
96911
96912
96913
96914
96915
96916
96917
96918
96919
96920
96921
96922
96923
96924
96925
96926
96927
96928
96929
96930
96931
96932
96933
96934
96935
96936
96937
96938
96939
96940
96941
96942
96943
96944
96945
96946
96947
96948
96949
96950
96951
96952
96953
96954
96955
96956
96957
96958
96959
96960
96961
96962
96963
96964
96965
96966
96967
96968
96969
96970
96971
96972
96973
96974
96975
96976
96977
96978
96979
96980
96981
96982
96983
96984
96985
96986
96987
96988
96989
96990
96991
96992
96993
96994
96995
96996
96997
96998
96999
97000
97001
97002
97003
97004
97005
97006
97007
97008
97009
97010
97011
97012
97013
97014
97015
97016
97017
97018
97019
97020
97021
97022
97023
97024
97025
97026
97027
97028
97029
97030
97031
97032
97033
97034
97035
97036
97037
97038
97039
97040
97041
97042
97043
97044
97045
97046
97047
97048
97049
97050
97051
97052
97053
97054
97055
97056
97057
97058
97059
97060
97061
97062
97063
97064
97065
97066
97067
97068
97069
97070
97071
97072
97073
97074
97075
97076
97077
97078
97079
97080
97081
97082
97083
97084
97085
97086
97087
97088
97089
97090
97091
97092
97093
97094
97095
97096
97097
97098
97099
97100
97101
97102
97103
97104
97105
97106
97107
97108
97109
97110
97111
97112
97113
97114
97115
97116
97117
97118
97119
97120
97121
97122
97123
97124
97125
97126
97127
97128
97129
97130
97131
97132
97133
97134
97135
97136
97137
97138
97139
97140
97141
97142
97143
97144
97145
97146
97147
97148
97149
97150
97151
97152
97153
97154
97155
97156
97157
97158
97159
97160
97161
97162
97163
97164
97165
97166
97167
97168
97169
97170
97171
97172
97173
97174
97175
97176
97177
97178
97179
97180
97181
97182
97183
97184
97185
97186
97187
97188
97189
97190
97191
97192
97193
97194
97195
97196
97197
97198
97199
97200
97201
97202
97203
97204
97205
97206
97207
97208
97209
97210
97211
97212
97213
97214
97215
97216
97217
97218
97219
97220
97221
97222
97223
97224
97225
97226
97227
97228
97229
97230
97231
97232
97233
97234
97235
97236
97237
97238
97239
97240
97241
97242
97243
97244
97245
97246
97247
97248
97249
97250
97251
97252
97253
97254
97255
97256
97257
97258
97259
97260
97261
97262
97263
97264
97265
97266
97267
97268
97269
97270
97271
97272
97273
97274
97275
97276
97277
97278
97279
97280
97281
97282
97283
97284
97285
97286
97287
97288
97289
97290
97291
97292
97293
97294
97295
97296
97297
97298
97299
97300
97301
97302
97303
97304
97305
97306
97307
97308
97309
97310
97311
97312
97313
97314
97315
97316
97317
97318
97319
97320
97321
97322
97323
97324
97325
97326
97327
97328
97329
97330
97331
97332
97333
97334
97335
97336
97337
97338
97339
97340
97341
97342
97343
97344
97345
97346
97347
97348
97349
97350
97351
97352
97353
97354
97355
97356
97357
97358
97359
97360
97361
97362
97363
97364
97365
97366
97367
97368
97369
97370
97371
97372
97373
97374
97375
97376
97377
97378
97379
97380
97381
97382
97383
97384
97385
97386
97387
97388
97389
97390
97391
97392
97393
97394
97395
97396
97397
97398
97399
97400
97401
97402
97403
97404
97405
97406
97407
97408
97409
97410
97411
97412
97413
97414
97415
97416
97417
97418
97419
97420
97421
97422
97423
97424
97425
97426
97427
97428
97429
97430
97431
97432
97433
97434
97435
97436
97437
97438
97439
97440
97441
97442
97443
97444
97445
97446
97447
97448
97449
97450
97451
97452
97453
97454
97455
97456
97457
97458
97459
97460
97461
97462
97463
97464
97465
97466
97467
97468
97469
97470
97471
97472
97473
97474
97475
97476
97477
97478
97479
97480
97481
97482
97483
97484
97485
97486
97487
97488
97489
97490
97491
97492
97493
97494
97495
97496
97497
97498
97499
97500
97501
97502
97503
97504
97505
97506
97507
97508
97509
97510
97511
97512
97513
97514
97515
97516
97517
97518
97519
97520
97521
97522
97523
97524
97525
97526
97527
97528
97529
97530
97531
97532
97533
97534
97535
97536
97537
97538
97539
97540
97541
97542
97543
97544
97545
97546
97547
97548
97549
97550
97551
97552
97553
97554
97555
97556
97557
97558
97559
97560
97561
97562
97563
97564
97565
97566
97567
97568
97569
97570
97571
97572
97573
97574
97575
97576
97577
97578
97579
97580
97581
97582
97583
97584
97585
97586
97587
97588
97589
97590
97591
97592
97593
97594
97595
97596
97597
97598
97599
97600
97601
97602
97603
97604
97605
97606
97607
97608
97609
97610
97611
97612
97613
97614
97615
97616
97617
97618
97619
97620
97621
97622
97623
97624
97625
97626
97627
97628
97629
97630
97631
97632
97633
97634
97635
97636
97637
97638
97639
97640
97641
97642
97643
97644
97645
97646
97647
97648
97649
97650
97651
97652
97653
97654
97655
97656
97657
97658
97659
97660
97661
97662
97663
97664
97665
97666
97667
97668
97669
97670
97671
97672
97673
97674
97675
97676
97677
97678
97679
97680
97681
97682
97683
97684
97685
97686
97687
97688
97689
97690
97691
97692
97693
97694
97695
97696
97697
97698
97699
97700
97701
97702
97703
97704
97705
97706
97707
97708
97709
97710
97711
97712
97713
97714
97715
97716
97717
97718
97719
97720
97721
97722
97723
97724
97725
97726
97727
97728
97729
97730
97731
97732
97733
97734
97735
97736
97737
97738
97739
97740
97741
97742
97743
97744
97745
97746
97747
97748
97749
97750
97751
97752
97753
97754
97755
97756
97757
97758
97759
97760
97761
97762
97763
97764
97765
97766
97767
97768
97769
97770
97771
97772
97773
97774
97775
97776
97777
97778
97779
97780
97781
97782
97783
97784
97785
97786
97787
97788
97789
97790
97791
97792
97793
97794
97795
97796
97797
97798
97799
97800
97801
97802
97803
97804
97805
97806
97807
97808
97809
97810
97811
97812
97813
97814
97815
97816
97817
97818
97819
97820
97821
97822
97823
97824
97825
97826
97827
97828
97829
97830
97831
97832
97833
97834
97835
97836
97837
97838
97839
97840
97841
97842
97843
97844
97845
97846
97847
97848
97849
97850
97851
97852
97853
97854
97855
97856
97857
97858
97859
97860
97861
97862
97863
97864
97865
97866
97867
97868
97869
97870
97871
97872
97873
97874
97875
97876
97877
97878
97879
97880
97881
97882
97883
97884
97885
97886
97887
97888
97889
97890
97891
97892
97893
97894
97895
97896
97897
97898
97899
97900
97901
97902
97903
97904
97905
97906
97907
97908
97909
97910
97911
97912
97913
97914
97915
97916
97917
97918
97919
97920
97921
97922
97923
97924
97925
97926
97927
97928
97929
97930
97931
97932
97933
97934
97935
97936
97937
97938
97939
97940
97941
97942
97943
97944
97945
97946
97947
97948
97949
97950
97951
97952
97953
97954
97955
97956
97957
97958
97959
97960
97961
97962
97963
97964
97965
97966
97967
97968
97969
97970
97971
97972
97973
97974
97975
97976
97977
97978
97979
97980
97981
97982
97983
97984
97985
97986
97987
97988
97989
97990
97991
97992
97993
97994
97995
97996
97997
97998
97999
98000
98001
98002
98003
98004
98005
98006
98007
98008
98009
98010
98011
98012
98013
98014
98015
98016
98017
98018
98019
98020
98021
98022
98023
98024
98025
98026
98027
98028
98029
98030
98031
98032
98033
98034
98035
98036
98037
98038
98039
98040
98041
98042
98043
98044
98045
98046
98047
98048
98049
98050
98051
98052
98053
98054
98055
98056
98057
98058
98059
98060
98061
98062
98063
98064
98065
98066
98067
98068
98069
98070
98071
98072
98073
98074
98075
98076
98077
98078
98079
98080
98081
98082
98083
98084
98085
98086
98087
98088
98089
98090
98091
98092
98093
98094
98095
98096
98097
98098
98099
98100
98101
98102
98103
98104
98105
98106
98107
98108
98109
98110
98111
98112
98113
98114
98115
98116
98117
98118
98119
98120
98121
98122
98123
98124
98125
98126
98127
98128
98129
98130
98131
98132
98133
98134
98135
98136
98137
98138
98139
98140
98141
98142
98143
98144
98145
98146
98147
98148
98149
98150
98151
98152
98153
98154
98155
98156
98157
98158
98159
98160
98161
98162
98163
98164
98165
98166
98167
98168
98169
98170
98171
98172
98173
98174
98175
98176
98177
98178
98179
98180
98181
98182
98183
98184
98185
98186
98187
98188
98189
98190
98191
98192
98193
98194
98195
98196
98197
98198
98199
98200
98201
98202
98203
98204
98205
98206
98207
98208
98209
98210
98211
98212
98213
98214
98215
98216
98217
98218
98219
98220
98221
98222
98223
98224
98225
98226
98227
98228
98229
98230
98231
98232
98233
98234
98235
98236
98237
98238
98239
98240
98241
98242
98243
98244
98245
98246
98247
98248
98249
98250
98251
98252
98253
98254
98255
98256
98257
98258
98259
98260
98261
98262
98263
98264
98265
98266
98267
98268
98269
98270
98271
98272
98273
98274
98275
98276
98277
98278
98279
98280
98281
98282
98283
98284
98285
98286
98287
98288
98289
98290
98291
98292
98293
98294
98295
98296
98297
98298
98299
98300
98301
98302
98303
98304
98305
98306
98307
98308
98309
98310
98311
98312
98313
98314
98315
98316
98317
98318
98319
98320
98321
98322
98323
98324
98325
98326
98327
98328
98329
98330
98331
98332
98333
98334
98335
98336
98337
98338
98339
98340
98341
98342
98343
98344
98345
98346
98347
98348
98349
98350
98351
98352
98353
98354
98355
98356
98357
98358
98359
98360
98361
98362
98363
98364
98365
98366
98367
98368
98369
98370
98371
98372
98373
98374
98375
98376
98377
98378
98379
98380
98381
98382
98383
98384
98385
98386
98387
98388
98389
98390
98391
98392
98393
98394
98395
98396
98397
98398
98399
98400
98401
98402
98403
98404
98405
98406
98407
98408
98409
98410
98411
98412
98413
98414
98415
98416
98417
98418
98419
98420
98421
98422
98423
98424
98425
98426
98427
98428
98429
98430
98431
98432
98433
98434
98435
98436
98437
98438
98439
98440
98441
98442
98443
98444
98445
98446
98447
98448
98449
98450
98451
98452
98453
98454
98455
98456
98457
98458
98459
98460
98461
98462
98463
98464
98465
98466
98467
98468
98469
98470
98471
98472
98473
98474
98475
98476
98477
98478
98479
98480
98481
98482
98483
98484
98485
98486
98487
98488
98489
98490
98491
98492
98493
98494
98495
98496
98497
98498
98499
98500
98501
98502
98503
98504
98505
98506
98507
98508
98509
98510
98511
98512
98513
98514
98515
98516
98517
98518
98519
98520
98521
98522
98523
98524
98525
98526
98527
98528
98529
98530
98531
98532
98533
98534
98535
98536
98537
98538
98539
98540
98541
98542
98543
98544
98545
98546
98547
98548
98549
98550
98551
98552
98553
98554
98555
98556
98557
98558
98559
98560
98561
98562
98563
98564
98565
98566
98567
98568
98569
98570
98571
98572
98573
98574
98575
98576
98577
98578
98579
98580
98581
98582
98583
98584
98585
98586
98587
98588
98589
98590
98591
98592
98593
98594
98595
98596
98597
98598
98599
98600
98601
98602
98603
98604
98605
98606
98607
98608
98609
98610
98611
98612
98613
98614
98615
98616
98617
98618
98619
98620
98621
98622
98623
98624
98625
98626
98627
98628
98629
98630
98631
98632
98633
98634
98635
98636
98637
98638
98639
98640
98641
98642
98643
98644
98645
98646
98647
98648
98649
98650
98651
98652
98653
98654
98655
98656
98657
98658
98659
98660
98661
98662
98663
98664
98665
98666
98667
98668
98669
98670
98671
98672
98673
98674
98675
98676
98677
98678
98679
98680
98681
98682
98683
98684
98685
98686
98687
98688
98689
98690
98691
98692
98693
98694
98695
98696
98697
98698
98699
98700
98701
98702
98703
98704
98705
98706
98707
98708
98709
98710
98711
98712
98713
98714
98715
98716
98717
98718
98719
98720
98721
98722
98723
98724
98725
98726
98727
98728
98729
98730
98731
98732
98733
98734
98735
98736
98737
98738
98739
98740
98741
98742
98743
98744
98745
98746
98747
98748
98749
98750
98751
98752
98753
98754
98755
98756
98757
98758
98759
98760
98761
98762
98763
98764
98765
98766
98767
98768
98769
98770
98771
98772
98773
98774
98775
98776
98777
98778
98779
98780
98781
98782
98783
98784
98785
98786
98787
98788
98789
98790
98791
98792
98793
98794
98795
98796
98797
98798
98799
98800
98801
98802
98803
98804
98805
98806
98807
98808
98809
98810
98811
98812
98813
98814
98815
98816
98817
98818
98819
98820
98821
98822
98823
98824
98825
98826
98827
98828
98829
98830
98831
98832
98833
98834
98835
98836
98837
98838
98839
98840
98841
98842
98843
98844
98845
98846
98847
98848
98849
98850
98851
98852
98853
98854
98855
98856
98857
98858
98859
98860
98861
98862
98863
98864
98865
98866
98867
98868
98869
98870
98871
98872
98873
98874
98875
98876
98877
98878
98879
98880
98881
98882
98883
98884
98885
98886
98887
98888
98889
98890
98891
98892
98893
98894
98895
98896
98897
98898
98899
98900
98901
98902
98903
98904
98905
98906
98907
98908
98909
98910
98911
98912
98913
98914
98915
98916
98917
98918
98919
98920
98921
98922
98923
98924
98925
98926
98927
98928
98929
98930
98931
98932
98933
98934
98935
98936
98937
98938
98939
98940
98941
98942
98943
98944
98945
98946
98947
98948
98949
98950
98951
98952
98953
98954
98955
98956
98957
98958
98959
98960
98961
98962
98963
98964
98965
98966
98967
98968
98969
98970
98971
98972
98973
98974
98975
98976
98977
98978
98979
98980
98981
98982
98983
98984
98985
98986
98987
98988
98989
98990
98991
98992
98993
98994
98995
98996
98997
98998
98999
99000
99001
99002
99003
99004
99005
99006
99007
99008
99009
99010
99011
99012
99013
99014
99015
99016
99017
99018
99019
99020
99021
99022
99023
99024
99025
99026
99027
99028
99029
99030
99031
99032
99033
99034
99035
99036
99037
99038
99039
99040
99041
99042
99043
99044
99045
99046
99047
99048
99049
99050
99051
99052
99053
99054
99055
99056
99057
99058
99059
99060
99061
99062
99063
99064
99065
99066
99067
99068
99069
99070
99071
99072
99073
99074
99075
99076
99077
99078
99079
99080
99081
99082
99083
99084
99085
99086
99087
99088
99089
99090
99091
99092
99093
99094
99095
99096
99097
99098
99099
99100
99101
99102
99103
99104
99105
99106
99107
99108
99109
99110
99111
99112
99113
99114
99115
99116
99117
99118
99119
99120
99121
99122
99123
99124
99125
99126
99127
99128
99129
99130
99131
99132
99133
99134
99135
99136
99137
99138
99139
99140
99141
99142
99143
99144
99145
99146
99147
99148
99149
99150
99151
99152
99153
99154
99155
99156
99157
99158
99159
99160
99161
99162
99163
99164
99165
99166
99167
99168
99169
99170
99171
99172
99173
99174
99175
99176
99177
99178
99179
99180
99181
99182
99183
99184
99185
99186
99187
99188
99189
99190
99191
99192
99193
99194
99195
99196
99197
99198
99199
99200
99201
99202
99203
99204
99205
99206
99207
99208
99209
99210
99211
99212
99213
99214
99215
99216
99217
99218
99219
99220
99221
99222
99223
99224
99225
99226
99227
99228
99229
99230
99231
99232
99233
99234
99235
99236
99237
99238
99239
99240
99241
99242
99243
99244
99245
99246
99247
99248
99249
99250
99251
99252
99253
99254
99255
99256
99257
99258
99259
99260
99261
99262
99263
99264
99265
99266
99267
99268
99269
99270
99271
99272
99273
99274
99275
99276
99277
99278
99279
99280
99281
99282
99283
99284
99285
99286
99287
99288
99289
99290
99291
99292
99293
99294
99295
99296
99297
99298
99299
99300
99301
99302
99303
99304
99305
99306
99307
99308
99309
99310
99311
99312
99313
99314
99315
99316
99317
99318
99319
99320
99321
99322
99323
99324
99325
99326
99327
99328
99329
99330
99331
99332
99333
99334
99335
99336
99337
99338
99339
99340
99341
99342
99343
99344
99345
99346
99347
99348
99349
99350
99351
99352
99353
99354
99355
99356
99357
99358
99359
99360
99361
99362
99363
99364
99365
99366
99367
99368
99369
99370
99371
99372
99373
99374
99375
99376
99377
99378
99379
99380
99381
99382
99383
99384
99385
99386
99387
99388
99389
99390
99391
99392
99393
99394
99395
99396
99397
99398
99399
99400
99401
99402
99403
99404
99405
99406
99407
99408
99409
99410
99411
99412
99413
99414
99415
99416
99417
99418
99419
99420
99421
99422
99423
99424
99425
99426
99427
99428
99429
99430
99431
99432
99433
99434
99435
99436
99437
99438
99439
99440
99441
99442
99443
99444
99445
99446
99447
99448
99449
99450
99451
99452
99453
99454
99455
99456
99457
99458
99459
99460
99461
99462
99463
99464
99465
99466
99467
99468
99469
99470
99471
99472
99473
99474
99475
99476
99477
99478
99479
99480
99481
99482
99483
99484
99485
99486
99487
99488
99489
99490
99491
99492
99493
99494
99495
99496
99497
99498
99499
99500
99501
99502
99503
99504
99505
99506
99507
99508
99509
99510
99511
99512
99513
99514
99515
99516
99517
99518
99519
99520
99521
99522
99523
99524
99525
99526
99527
99528
99529
99530
99531
99532
99533
99534
99535
99536
99537
99538
99539
99540
99541
99542
99543
99544
99545
99546
99547
99548
99549
99550
99551
99552
99553
99554
99555
99556
99557
99558
99559
99560
99561
99562
99563
99564
99565
99566
99567
99568
99569
99570
99571
99572
99573
99574
99575
99576
99577
99578
99579
99580
99581
99582
99583
99584
99585
99586
99587
99588
99589
99590
99591
99592
99593
99594
99595
99596
99597
99598
99599
99600
99601
99602
99603
99604
99605
99606
99607
99608
99609
99610
99611
99612
99613
99614
99615
99616
99617
99618
99619
99620
99621
99622
99623
99624
99625
99626
99627
99628
99629
99630
99631
99632
99633
99634
99635
99636
99637
99638
99639
99640
99641
99642
99643
99644
99645
99646
99647
99648
99649
99650
99651
99652
99654
99656
99658
99660
99662
99664
99666
99668
99670
99672
99674
99676
99678
99680
99682
99684
99686
99688
99690
99692
99694
99696
99698
99700
99702
99704
99706
99708
99710
99712
99714
99716
99718
99720
99722
99724
99726
99728
99730
99732
99734
99736
99738
99740
99742
99744
99746
99748
221851
221852
221853
221854
221855
221856
221857
221858
221859
221860
221861
221862
221863
221864
221865
221866
221867
221868
221869
221870
221871
221872
221873
221874
221875
221876
221877
221878
221879
221880
221881
221882
221883
221884
221885
221886
221887
221888
221889
221890
221891
221892
221893
221894
221895
221896
221897
221898
221899
221900
221901
221902
221903
221904
221905
221906
221907
221908
221909
221910
221911
221912
221913
221914
221915
221916
221917
221918
221919
221920
221921
221922
221923
221924
221925
221926
221927
221928
221929
221930
221931
221932
221933
221934
221935
221936
221937
221938
221939
221940
221941
221942
221943
221944
221945
221946
221947
221948
221949
221950
221951
221952
221953
221954
221955
221956
221957
221958
221959
221960
221961
221962
221963
221964
221965
221966
221967
221968
221969
221970
221971
221972
221973
221974
221975
221976
221977
221978
221979
221980
221981
221982
221983
221984
221985
221986
221987
221988
221989
221990
221991
221992
221993
221994
221995
221996
221997
221998
221999
222000
222001
222002
222003
222004
222005
222006
222007
222008
222009
222010
222011
222012
222013
222014
222015
222016
222017
222018
222019
222020
222021
222022
222023
222024
222025
222026
222027
222028
222029
222030
222031
222032
222033
222034
222035
222036
222037
222038
222039
222040
222041
222042
222043
222044
222045
222046
222047
222048
222049
222050
222051
222052
222053
222054
222055
222056
222057
222058
222059
222060
222061
222062
222063
222064
222065
222066
222067
222068
222069
222070
222071
222072
222073
222074
222075
222076
222077
222078
222079
222080
222081
222082
222083
222084
222085
222086
222087
222088
222089
222090
222091
222092
222093
222094
222095
222096
222097
222098
222099
222100
222101
222102
222103
222104
222105
222106
222107
222108
222109
222110
222111
222112
222113
222114
222115
222116
222117
222118
222119
222120
222121
222122
222123
222124
222125
222126
222127
222128
222129
222130
222131
222132
222133
222134
222135
222136
222137
222138
222139
222140
222141
222142
222143
222144
222145
222146
222147
222148
222149
222150
222151
222152
222153
222154
222155
222156
222157
222158
222159
222160
222161
222162
222163
222164
222165
222166
222167
222168
222169
222170
222171
222172
222173
222174
222175
222176
222177
222178
222179
222180
222181
222182
222183
222184
222185
222186
222187
222188
222189
222190
222191
222192
222193
222194
222195
222196
222197
222198
222199
222200
222201
222202
222203
222204
222205
222206
222207
222208
222209
222210
222211
222212
222213
222214
222215
222216
222217
222218
222219
222220
222221
222222
222223
222224
222225
222226
222227
222228
222229
222230
222231
222232
222233
222234
222235
222236
222237
222238
222239
222240
222241
222242
222243
222244
222245
222246
222247
222248
222249
222250
222251
222252
222253
222254
222255
222256
222257
222258
222259
222260
222261
222262
222263
222264
222265
222266
222267
222268
222269
222270
222271
222272
222273
222274
222275
222276
222277
222278
222279
222280
222281
222282
222283
222284
222285
222286
222287
222288
222289
222290
222291
222292
222293
222294
222295
222296
222297
222298
222299
222300
222301
222302
222303
222304
222305
222306
222307
222308
222309
222310
222311
222312
222313
222314
222315
222316
222317
222318
222319
222320
222321
222322
222323
222324
222325
222326
222327
222328
222329
222330
222331
222332
222333
222334
222335
222336
222337
222338
222339
222340
222341
222342
222343
222344
222345
222346
222347
222348
222349
222350
222351
222352
222353
222354
222355
222356
222357
222358
222359
222360
222361
222362
222363
222364
222365
222366
222367
222368
222369
222370
222371
222372
222373
222374
222375
222376
222377
222378
222379
222380
222381
222382
222383
222384
222385
222386
222387
222388
222389
222390
222391
222392
222393
222394
222395
222396
222397
222398
222399
222400
222401
222402
222403
222404
222405
222406
222407
222408
222409
222410
222411
222412
222413
222414
222415
222416
222417
222418
222419
222420
222421
222422
222423
222424
222425
222426
222427
222428
222429
222430
222431
222432
222433
222434
222435
222436
222437
222438
222439
222440
222441
222442
222443
222444
222445
222446
222447
222448
222449
222450
222451
222452
222453
222454
222455
222456
222457
222458
222459
222460
222461
222462
222463
222464
222465
222466
222467
222468
222469
222470
222471
222472
222473
222474
222475
222476
222477
222478
222479
222480
222481
222482
222483
222484
222485
222486
222487
222488
222489
222490
222491
222492
222493
222494
222495
222496
222497
222498
222499
222500
222501
222502
222503
222504
222505
222506
222507
222508
222509
222510
222511
222512
222513
222514
222515
222516
222517
222518
222519
222520
222521
222522
222523
222524
222525
222526
222527
222528
222529
222530
222531
222532
222533
222534
222535
222536
222537
222538
222539
222540
222541
222542
222543
222544
222545
222546
222547
222548
222549
222550
222551
222552
222553
222554
222555
222556
222557
222558
222559
222560
222561
222562
222563
222564
222565
222566
222567
222568
222569
222570
222571
222572
222573
222574
222575
222576
222577
222578
222579
222580
222581
222582
222583
222584
222585
222586
222587
222588
222589
222590
222591
222592
222593
222594
222595
222596
222597
222598
222599
222600
222601
222602
222603
222604
222605
222606
222607
222608
222609
222610
222611
222612
222613
222614
222615
222616
222617
222618
222619
222620
222621
222622
222623
222624
222625
222626
222627
222628
222629
222630
222631
222632
222633
222634
222635
222636
222637
222638
222639
222640
222641
222642
222643
222644
222645
222646
222647
222648
222649
222650
222651
222652
222653
222654
222655
222656
222657
222658
222659
222660
222661
222662
222663
222664
222665
222666
222667
222668
222669
222670
222671
222672
222673
222674
222675
222676
222677
222678
222679
222680
222681
222682
222683
222684
222685
222686
222687
222688
222689
222690
222691
222692
222693
222694
222695
222696
222697
222698
222699
222700
222701
222702
222703
222704
222705
222706
222707
222708
222709
222710
222711
222712
222713
222714
222715
222716
222717
222718
222719
222720
222721
222722
222723
222724
222725
222726
222727
222728
222729
222730
222731
222732
222733
222734
222735
222736
222737
222738
222739
222740
222741
222742
222743
222744
222745
222746
222747
222748
222749
222750
222751
222752
222753
222754
222755
222756
222757
222758
222759
222760
222761
222762
222763
222764
222765
222766
222767
222768
222769
222770
222771
222772
222773
222774
222775
222776
222777
222778
222779
222780
222781
222782
222783
222784
222785
222786
222787
222788
222789
222790
222791
222792
222793
222794
222795
222796
222797
222798
222799
222800
222801
222802
222803
222804
222805
222806
222807
222808
222809
222810
222811
222812
222813
222814
222815
222816
222817
222818
222819
222820
222821
222822
222823
222824
222825
222826
222827
222828
222829
222830
222831
222832
222833
222834
222835
222836
222837
222838
222839
222840
222841
222842
222843
222844
222845
222846
222847
222848
222849
222850
222851
222852
222853
222854
222855
222856
222857
222858
222859
222860
222861
222862
222863
222864
222865
222866
222867
222868
222869
222870
222871
222872
222873
222874
222875
222876
222877
222878
222879
222880
222881
222882
222883
222884
222885
222886
222887
222888
222889
222890
222891
222892
222893
222894
222895
222896
222897
222898
222899
222900
222901
222902
222903
222904
222905
222906
222907
222908
222909
222910
222911
222912
222913
222914
222915
222916
222917
222918
222919
222920
222921
222922
222923
222924
222925
222926
222927
222928
222929
222930
222931
222932
222933
222934
222935
222936
222937
222938
222939
222940
222941
222942
222943
222944
222945
222946
222947
222948
222949
222950
222951
222952
222953
222954
222955
222956
222957
222958
222959
222960
222961
222962
222963
222964
222965
222966
222967
222968
222969
222970
222971
222972
222973
222974
222975
222976
222977
222978
222979
222980
222981
222982
222983
222984
222985
222986
222987
222988
222989
222990
222991
222992
222993
222994
222995
222996
222997
222998
222999
223000
223001
223002
223003
223004
223005
223006
223007
223008
223009
223010
223011
223012
223013
223014
223015
223016
223017
223018
223019
223020
223021
223022
223023
223024
223025
223026
223027
223028
223029
223030
223031
223032
223033
223034
223035
223036
223037
223038
223039
223040
223041
223042
223043
223044
223045
223046
223047
223048
223049
223050
223051
223052
223053
223054
223055
223056
223057
223058
223059
223060
223061
223062
223063
223064
223065
223066
223067
223068
223069
223070
223071
223072
223073
223074
223075
223076
223077
223078
223079
223080
223081
223082
223083
223084
223085
223086
223087
223088
223089
223090
223091
223092
223093
223094
223095
223096
223097
223098
223099
223100
223101
223102
223103
223104
223105
223106
223107
223108
223109
223110
223111
223112
223113
223114
223115
223116
223117
223118
223119
223120
223121
223122
223123
223124
223125
223126
223127
223128
223129
223130
223131
223132
223133
223134
223135
223136
223137
223138
223139
223140
223141
223142
223143
223144
223145
223146
223147
223148
223149
223150
223151
223152
223153
223154
223155
223156
223157
223158
223159
223160
223161
223162
223163
223164
223165
223166
223167
223168
223169
223170
223171
223172
223173
223174
223175
223176
223177
223178
223179
223180
223181
223182
223183
223184
223185
223186
223187
223188
223189
223190
223191
223192
223193
223194
223195
223196
223197
223198
223199
223200
223201
223202
223203
223204
223205
223206
223207
223208
223209
223210
223211
223212
223213
223214
223215
223216
223217
223218
223219
223220
223221
223222
223223
223224
223225
223226
223227
223228
223229
223230
223231
223232
223233
223234
223235
223236
223237
223238
223239
223240
223241
223242
223243
223244
223245
223246
223247
223248
223249
223250
223251
223252
223253
223254
223255
223256
223257
223258
223259
223260
223261
223262
223263
223264
223265
223266
223267
223268
223269
223270
223271
223272
223273
223274
223275
223276
223277
223278
223279
223280
223281
223282
223283
223284
223285
223286
223287
223288
223289
223290
223291
223292
223293
223294
223295
223296
223297
223298
223299
223300
223301
223302
223303
223304
223305
223306
223307
223308
223309
223310
223311
223312
223313
223314
223315
223316
223317
223318
223319
223320
223321
223322
223323
223324
223325
223326
223327
223328
223329
223330
223331
223332
223333
223334
223335
223336
223337
223338
223339
223340
223341
223342
223343
223344
223345
223346
223347
223348
223349
223350
223351
223352
223353
223354
223355
223356
223357
223358
223359
223360
223361
223362
223363
223364
223365
223366
223367
223368
223369
223370
223371
223372
223373
223374
223375
223376
223377
223378
223379
223380
223381
223382
223383
223384
223385
223386
223387
223388
223389
223390
223391
223392
223393
223394
223395
223396
223397
223398
223399
223400
223401
223402
223403
223404
223405
223406
223407
223408
223409
223410
223411
223412
223413
223414
223415
223416
223417
223418
223419
223420
223421
223422
223423
223424
223425
223426
223427
223428
223429
223430
223431
223432
223433
223434
223435
223436
223437
223438
223439
223440
223441
223442
223443
223444
223445
223446
223447
223448
223449
223450
223451
223452
223453
223454
223455
223456
223457
223458
223459
223460
223461
223462
223463
223464
223465
223466
223467
223468
223469
223470
223471
223472
223473
223474
223475
223476
223477
223478
223479
223480
223481
223482
223483
223484
223485
223486
223487
223488
223489
223490
223491
223492
223493
223494
223495
223496
223497
223498
223499
223500
223501
223502
223503
223504
223505
223506
223507
223508
223509
223510
223511
223512
223513
223514
223515
223516
223517
223518
223519
223520
223521
223522
223523
223524
223525
223526
223527
223528
223529
223530
223531
223532
223533
223534
223535
223536
223537
223538
223539
223540
223541
223542
223543
223544
223545
223546
223547
223548
223549
223550
223551
223552
223553
223554
223555
223556
223557
223558
223559
223560
223561
223562
223563
223564
223565
223566
223567
223568
223569
223570
223571
223572
223573
223574
223575
223576
223577
223578
223579
223580
223581
223582
223583
223584
223585
223586
223587
223588
223589
223590
223591
223592
223593
223594
223595
223596
223597
223598
223599
223600
223601
223602
223603
223604
223605
223606
223607
223608
223609
223610
223611
223612
223613
223614
223615
223616
223617
223618
223619
223620
223621
223622
223623
223624
223625
223626
223627
223628
223629
223630
223631
223632
223633
223634
223635
223636
223637
223638
223639
223640
223641
223642
223643
223644
223645
223646
223647
223648
223649
223650
223651
223652
223653
223654
223655
223656
223657
223658
223659
223660
223661
223662
223663
223664
223665
223666
223667
223668
223669
223670
223671
223672
223673
223674
223675
223676
223677
223678
223679
223680
223681
223682
223683
223684
223685
223686
223687
223688
223689
223690
223691
223692
223693
223694
223695
223696
223697
223698
223699
223700
223701
223702
223703
223704
223705
223706
223707
223708
223709
223710
223711
223712
223713
223714
223715
223716
223717
223718
223719
223720
223721
223722
223723
223724
223725
223726
223727
223728
223729
223730
223731
223732
223733
223734
223735
223736
223737
223738
223739
223740
223741
223742
223743
223744
223745
223746
223747
223748
223749
223750
223751
223752
223753
223754
223755
223756
223757
223758
223759
223760
223761
223762
223763
223764
223765
223766
223767
223768
223769
223770
223771
223772
223773
223774
223775
223776
223777
223778
223779
223780
223781
223782
223783
223784
223785
223786
223787
223788
223789
223790
223791
223792
223793
223794
223795
223796
223797
223798
223799
223800
223801
223802
223803
223804
223805
223806
223807
223808
223809
223810
223811
223812
223813
223814
223815
223816
223817
223818
223819
223820
223821
223822
223823
223824
223825
223826
223827
223828
223829
223830
223831
223832
223833
223834
223835
223836
223837
223838
223839
223840
223841
223842
223843
223844
223845
223846
223847
223848
223849
223850
223851
223852
223853
223854
223855
223856
223857
223858
223859
223860
223861
223862
223863
223864
223865
223866
223867
223868
223869
223870
223871
223872
223873
223874
223875
223876
223877
223878
223879
223880
223881
223882
223883
223884
223885
223886
223887
223888
223889
223890
223891
223892
223893
223894
223895
223896
223897
223898
223899
223900
223901
223902
223903
223904
223905
223906
223907
223908
223909
223910
223911
223912
223913
223914
223915
223916
223917
223918
223919
223920
223921
223922
223923
223924
223925
223926
223927
223928
223929
223930
223931
223932
223933
223934
223935
223936
223937
223938
223939
223940
223941
223942
223943
223944
223945
223946
223947
223948
223949
223950
223951
223952
223953
223954
223955
223956
223957
223958
223959
223960
223961
223962
223963
223964
223965
223966
223967
223968
223969
223970
223971
223972
223973
223974
223975
223976
223977
223978
223979
223980
223981
223982
223983
223984
223985
223986
223987
223988
223989
223990
223991
223992
223993
223994
223995
223996
223997
223998
223999
224000
224001
224002
224003
224004
224005
224006
224007
224008
224009
224010
224011
224012
224013
224014
224015
224016
224017
224018
224019
224020
224021
224022
224023
224024
224025
224026
224027
224028
224029
224030
224031
224032
224033
224034
224035
224036
224037
224038
224039
224040
224041
224042
224043
224044
224045
224046
224047
224048
224049
224050
224051
224052
224053
224054
224055
224056
224057
224058
224059
224060
224061
224062
224063
224064
224065
224066
224067
224068
224069
224070
224071
224072
224073
224074
224075
224076
224077
224078
224079
224080
224081
224082
224083
224084
224085
224086
224087
224088
224089
224090
224091
224092
224093
224094
224095
224096
224097
224098
224099
224100
224101
224102
224103
224104
224105
224106
224107
224108
224109
224110
224111
224112
224113
224114
224115
224116
224117
224118
224119
224120
224121
224122
224123
224124
224125
224126
224127
224128
224129
224130
224131
224132
224133
224134
224135
224136
224137
224138
224139
224140
224141
224142
224143
224144
224145
224146
224147
224148
224149
224150
224151
224152
224153
224154
224155
224156
224157
224158
224159
224160
224161
224162
224163
224164
224165
224166
224167
224168
224169
224170
224171
224172
224173
224174
224175
224176
224177
224178
224179
224180
224181
224182
224183
224184
224185
224186
224187
224188
224189
224190
224191
224192
224193
224194
224195
224196
224197
224198
224199
224200
224201
224202
224203
224204
224205
224206
224207
224208
224209
224210
224211
224212
224213
224214
224215
224216
224217
224218
224219
224220
224221
224222
224223
224224
224225
224226
224227
224228
224229
224230
224231
224232
224233
224234
224235
224236
224237
224238
224239
224240
224241
224242
224243
224244
224245
224246
224247
224248
224249
224250
224251
224252
224253
224254
224255
224256
224257
224258
224259
224260
224261
224262
224263
224264
224265
224266
224267
224268
224269
224270
224271
224272
224273
224274
224275
224276
224277
224278
224279
224280
224281
224282
224283
224284
224285
224286
224287
224288
224289
224290
224291
224292
224293
224294
224295
224296
224297
224298
224299
224300
224301
224302
224303
224304
224305
224306
224307
224308
224309
224310
224311
224312
224313
224314
224315
224316
224317
224318
224319
224320
224321
224322
224323
224324
224325
224326
224327
224328
224329
224330
224331
224332
224333
224334
224335
224336
224337
224338
224339
224340
224341
224342
224343
224344
224345
224346
224347
224348
224349
224350
309351
309352
309353
309354
309355
309356
309357
309358
309359
309360
309361
309362
309363
309364
309365
309366
309367
309368
309369
309370
309371
309372
309373
309374
309375
309376
309377
309378
309379
309380
309381
309382
309383
309384
309385
309386
309387
309388
309389
309390
309391
309392
309393
309394
309395
309396
309397
309398
309399
309400
309401
309402
309403
309404
309405
309406
309407
309408
309409
309410
309411
309412
309413
309414
309415
309416
309417
309418
309419
309420
309421
309422
309423
309424
309425
309426
309427
309428
309429
309430
309431
309432
309433
309434
309435
309436
309437
309438
309439
309440
309441
309442
309443
309444
309445
309446
309447
309448
309449
309450
309451
309452
309453
309454
309455
309456
309457
309458
309459
309460
309461
309462
309463
309464
309465
309466
309467
309468
309469
309470
309471
309472
309473
309474
309475
309476
309477
309478
309479
309480
309481
309482
309483
309484
309485
309486
309487
309488
309489
309490
309491
309492
309493
309494
309495
309496
309497
309498
309499
309500
309501
309502
309503
309504
309505
309506
309507
309508
309509
309510
309511
309512
309513
309514
309515
309516
309517
309518
309519
309520
309521
309522
309523
309524
309525
309526
309527
309528
309529
309530
309531
309532
309533
309534
309535
309536
309537
309538
309539
309540
309541
309542
309543
309544
309545
309546
309547
309548
309549
309550
309551
309552
309553
309554
309555
309556
309557
309558
309559
309560
309561
309562
309563
309564
309565
309566
309567
309568
309569
309570
309571
309572
309573
309574
309575
309576
309577
309578
309579
309580
309581
309582
309583
309584
309585
309586
309587
309588
309589
309590
309591
309592
309593
309594
309595
309596
309597
309598
309599
309600
309601
309602
309603
309604
309605
309606
309607
309608
309609
309610
309611
309612
309613
309614
309615
309616
309617
309618
309619
309620
309621
309622
309623
309624
309625
309626
309627
309628
309629
309630
309631
309632
309633
309634
309635
309636
309637
309638
309639
309640
309641
309642
309643
309644
309645
309646
309647
309648
309649
309650
309651
309652
309653
309654
309655
309656
309657
309658
309659
309660
309661
309662
309663
309664
309665
309666
309667
309668
309669
309670
309671
309672
309673
309674
309675
309676
309677
309678
309679
309680
309681
309682
309683
309684
309685
309686
309687
309688
309689
309690
309691
309692
309693
309694
309695
309696
309697
309698
309699
309700
309701
309702
309703
309704
309705
309706
309707
309708
309709
309710
309711
309712
309713
309714
309715
309716
309717
309718
309719
309720
309721
309722
309723
309724
309725
309726
309727
309728
309729
309730
309731
309732
309733
309734
309735
309736
309737
309738
309739
309740
309741
309742
309743
309744
309745
309746
309747
309748
309749
309750
309751
309752
309753
309754
309755
309756
309757
309758
309759
309760
309761
309762
309763
309764
309765
309766
309767
309768
309769
309770
309771
309772
309773
309774
309775
309776
309777
309778
309779
309780
309781
309782
309783
309784
309785
309786
309787
309788
309789
309790
309791
309792
309793
309794
309795
309796
309797
309798
309799
309800
309801
309802
309803
309804
309805
309806
309807
309808
309809
309810
309811
309812
309813
309814
309815
309816
309817
309818
309819
309820
309821
309822
309823
309824
309825
309826
309827
309828
309829
309830
309831
309832
309833
309834
309835
309836
309837
309838
309839
309840
309841
309842
309843
309844
309845
309846
309847
309848
309849
309850
309851
309852
309853
309854
309855
309856
309857
309858
309859
309860
309861
309862
309863
309864
309865
309866
309867
309868
309869
309870
309871
309872
309873
309874
309875
309876
309877
309878
309879
309880
309881
309882
309883
309884
309885
309886
309887
309888
309889
309890
309891
309892
309893
309894
309895
309896
309897
309898
309899
309900
309901
309902
309903
309904
309905
309906
309907
309908
309909
309910
309911
309912
309913
309914
309915
309916
309917
309918
309919
309920
309921
309922
309923
309924
309925
309926
309927
309928
309929
309930
309931
309932
309933
309934
309935
309936
309937
309938
309939
309940
309941
309942
309943
309944
309945
309946
309947
309948
309949
309950
309951
309952
309953
309954
309955
309956
309957
309958
309959
309960
309961
309962
309963
309964
309965
309966
309967
309968
309969
309970
309971
309972
309973
309974
309975
309976
309977
309978
309979
309980
309981
309982
309983
309984
309985
309986
309987
309988
309989
309990
309991
309992
309993
309994
309995
309996
309997
309998
309999
310000
310001
310002
310003
310004
310005
310006
310007
310008
310009
310010
310011
310012
310013
310014
310015
310016
310017
310018
310019
310020
310021
310022
310023
310024
310025
310026
310027
310028
310029
310030
310031
310032
310033
310034
310035
310036
310037
310038
310039
310040
310041
310042
310043
310044
310045
310046
310047
310048
310049
310050
310051
310052
310053
310054
310055
310056
310057
310058
310059
310060
310061
310062
310063
310064
310065
310066
310067
310068
310069
310070
310071
310072
310073
310074
310075
310076
310077
310078
310079
310080
310081
310082
310083
310084
310085
310086
310087
310088
310089
310090
310091
310092
310093
310094
310095
310096
310097
310098
310099
310100
310101
310102
310103
310104
310105
310106
310107
310108
310109
310110
310111
310112
310113
310114
310115
310116
310117
310118
310119
310120
310121
310122
310123
310124
310125
310126
310127
310128
310129
310130
310131
310132
310133
310134
310135
310136
310137
310138
310139
310140
310141
310142
310143
310144
310145
310146
310147
310148
310149
310150
310151
310152
310153
310154
310155
310156
310157
310158
310159
310160
310161
310162
310163
310164
310165
310166
310167
310168
310169
310170
310171
310172
310173
310174
310175
310176
310177
310178
310179
310180
310181
310182
310183
310184
310185
310186
310187
310188
310189
310190
310191
310192
310193
310194
310195
310196
310197
310198
310199
310200
310201
310202
310203
310204
310205
310206
310207
310208
310209
310210
310211
310212
310213
310214
310215
310216
310217
310218
310219
310220
310221
310222
310223
310224
310225
310226
310227
310228
310229
310230
310231
310232
310233
310234
310235
310236
310237
310238
310239
310240
310241
310242
310243
310244
310245
310246
310247
310248
310249
310250
310251
310252
310253
310254
310255
310256
310257
310258
310259
310260
310261
310262
310263
310264
310265
310266
310267
310268
310269
310270
310271
310272
310273
310274
310275
310276
310277
310278
310279
310280
310281
310282
310283
310284
310285
310286
310287
310288
310289
310290
310291
310292
310293
310294
310295
310296
310297
310298
310299
310300
310301
310302
310303
310304
310305
310306
310307
310308
310309
310310
310311
310312
310313
310314
310315
310316
310317
310318
310319
310320
310321
310322
310323
310324
310325
310326
310327
310328
310329
310330
310331
310332
310333
310334
310335
310336
310337
310338
310339
310340
310341
310342
310343
310344
310345
310346
310347
310348
310349
310350
310351
310352
310353
310354
310355
310356
310357
310358
310359
310360
310361
310362
310363
310364
310365
310366
310367
310368
310369
310370
310371
310372
310373
310374
310375
310376
310377
310378
310379
310380
310381
310382
310383
310384
310385
310386
310387
310388
310389
310390
310391
310392
310393
310394
310395
310396
310397
310398
310399
310400
310401
310402
310403
310404
310405
310406
310407
310408
310409
310410
310411
310412
310413
310414
310415
310416
310417
310418
310419
310420
310421
310422
310423
310424
310425
310426
310427
310428
310429
310430
310431
310432
310433
310434
310435
310436
310437
310438
310439
310440
310441
310442
310443
310444
310445
310446
310447
310448
310449
310450
310451
310452
310453
310454
310455
310456
310457
310458
310459
310460
310461
310462
310463
310464
310465
310466
310467
310468
310469
310470
310471
310472
310473
310474
310475
310476
310477
310478
310479
310480
310481
310482
310483
310484
310485
310486
310487
310488
310489
310490
310491
310492
310493
310494
310495
310496
310497
310498
310499
310500
310501
310502
310503
310504
310505
310506
310507
310508
310509
310510
310511
310512
310513
310514
310515
310516
310517
310518
310519
310520
310521
310522
310523
310524
310525
310526
310527
310528
310529
310530
310531
310532
310533
310534
310535
310536
310537
310538
310539
310540
310541
310542
310543
310544
310545
310546
310547
310548
310549
310550
310551
310552
310553
310554
310555
310556
310557
310558
310559
310560
310561
310562
310563
310564
310565
310566
310567
310568
310569
310570
310571
310572
310573
310574
310575
310576
310577
310578
310579
310580
310581
310582
310583
310584
310585
310586
310587
310588
310589
310590
310591
310592
310593
310594
310595
310596
310597
310598
310599
310600
310601
310602
310603
310604
310605
310606
310607
310608
310609
310610
310611
310612
310613
310614
310615
310616
310617
310618
310619
310620
310621
310622
310623
310624
310625
310626
310627
310628
310629
310630
310631
310632
310633
310634
310635
310636
310637
310638
310639
310640
310641
310642
310643
310644
310645
310646
310647
310648
310649
310650
310651
310652
310653
310654
310655
310656
310657
310658
310659
310660
310661
310662
310663
310664
310665
310666
310667
310668
310669
310670
310671
310672
310673
310674
310675
310676
310677
310678
310679
310680
310681
310682
310683
310684
310685
310686
310687
310688
310689
310690
310691
310692
310693
310694
310695
310696
310697
310698
310699
310700
310701
310702
310703
310704
310705
310706
310707
310708
310709
310710
310711
310712
310713
310714
310715
310716
310717
310718
310719
310720
310721
310722
310723
310724
310725
310726
310727
310728
310729
310730
310731
310732
310733
310734
310735
310736
310737
310738
310739
310740
310741
310742
310743
310744
310745
310746
310747
310748
310749
310750
310751
310752
310753
310754
310755
310756
310757
310758
310759
310760
310761
310762
310763
310764
310765
310766
310767
310768
310769
310770
310771
310772
310773
310774
310775
310776
310777
310778
310779
310780
310781
310782
310783
310784
310785
310786
310787
310788
310789
310790
310791
310792
310793
310794
310795
310796
310797
310798
310799
310800
310801
310802
310803
310804
310805
310806
310807
310808
310809
310810
310811
310812
310813
310814
310815
310816
310817
310818
310819
310820
310821
310822
310823
310824
310825
310826
310827
310828
310829
310830
310831
310832
310833
310834
310835
310836
310837
310838
310839
310840
310841
310842
310843
310844
310845
310846
310847
310848
310849
310850
310851
310852
310853
310854
310855
310856
310857
310858
310859
310860
310861
310862
310863
310864
310865
310866
310867
310868
310869
310870
310871
310872
310873
310874
310875
310876
310877
310878
310879
310880
310881
310882
310883
310884
310885
310886
310887
310888
310889
310890
310891
310892
310893
310894
310895
310896
310897
310898
310899
310900
310901
310902
310903
310904
310905
310906
310907
310908
310909
310910
310911
310912
310913
310914
310915
310916
310917
310918
310919
310920
310921
310922
310923
310924
310925
310926
310927
310928
310929
310930
310931
310932
310933
310934
310935
310936
310937
310938
310939
310940
310941
310942
310943
310944
310945
310946
310947
310948
310949
310950
310951
310952
310953
310954
310955
310956
310957
310958
310959
310960
310961
310962
310963
310964
310965
310966
310967
310968
310969
310970
310971
310972
310973
310974
310975
310976
310977
310978
310979
310980
310981
310982
310983
310984
310985
310986
310987
310988
310989
310990
310991
310992
310993
310994
310995
310996
310997
310998
310999
311000
311001
311002
311003
311004
311005
311006
311007
311008
311009
311010
311011
311012
311013
311014
311015
311016
311017
311018
311019
311020
311021
311022
311023
311024
311025
311026
311027
311028
311029
311030
311031
311032
311033
311034
311035
311036
311037
311038
311039
311040
311041
311042
311043
311044
311045
311046
311047
311048
311049
311050
311051
311052
311053
311054
311055
311056
311057
311058
311059
311060
311061
311062
311063
311064
311065
311066
311067
311068
311069
311070
311071
311072
311073
311074
311075
311076
311077
311078
311079
311080
311081
311082
311083
311084
311085
311086
311087
311088
311089
311090
311091
311092
311093
311094
311095
311096
311097
311098
311099
311100
311101
311102
311103
311104
311105
311106
311107
311108
311109
311110
311111
311112
311113
311114
311115
311116
311117
311118
311119
311120
311121
311122
311123
311124
311125
311126
311127
311128
311129
311130
311131
311132
311133
311134
311135
311136
311137
311138
311139
311140
311141
311142
311143
311144
311145
311146
311147
311148
311149
311150
311151
311152
311153
311154
311155
311156
311157
311158
311159
311160
311161
311162
311163
311164
311165
311166
311167
311168
311169
311170
311171
311172
311173
311174
311175
311176
311177
311178
311179
311180
311181
311182
311183
311184
311185
311186
311187
311188
311189
311190
311191
311192
311193
311194
311195
311196
311197
311198
311199
311200
311201
311202
311203
311204
311205
311206
311207
311208
311209
311210
311211
311212
311213
311214
311215
311216
311217
311218
311219
311220
311221
311222
311223
311224
311225
311226
311227
311228
311229
311230
311231
311232
311233
311234
311235
311236
311237
311238
311239
311240
311241
311242
311243
311244
311245
311246
311247
311248
311249
311250
311251
311252
311253
311254
311255
311256
311257
311258
311259
311260
311261
311262
311263
311264
311265
311266
311267
311268
311269
311270
311271
311272
311273
311274
311275
311276
311277
311278
311279
311280
311281
311282
311283
311284
311285
311286
311287
311288
311289
311290
311291
311292
311293
311294
311295
311296
311297
311298
311299
311300
311301
311302
311303
311304
311305
311306
311307
311308
311309
311310
311311
311312
311313
311314
311315
311316
311317
311318
311319
311320
311321
311322
311323
311324
311325
311326
311327
311328
311329
311330
311331
311332
311333
311334
311335
311336
311337
311338
311339
311340
311341
311342
311343
311344
311345
311346
311347
311348
311349
311350
311351
311352
311353
311354
311355
311356
311357
311358
311359
311360
311361
311362
311363
311364
311365
311366
311367
311368
311369
311370
311371
311372
311373
311374
311375
311376
311377
311378
311379
311380
311381
311382
311383
311384
311385
311386
311387
311388
311389
311390
311391
311392
311393
311394
311395
311396
311397
311398
311399
311400
311401
311402
311403
311404
311405
311406
311407
311408
311409
311410
311411
311412
311413
311414
311415
311416
311417
311418
311419
311420
311421
311422
311423
311424
311425
311426
311427
311428
311429
311430
311431
311432
311433
311434
311435
311436
311437
311438
311439
311440
311441
311442
311443
311444
311445
311446
311447
311448
311449
311450
311451
311452
311453
311454
311455
311456
311457
311458
311459
311460
311461
311462
311463
311464
311465
311466
311467
311468
311469
311470
311471
311472
311473
311474
311475
311476
311477
311478
311479
311480
311481
311482
311483
311484
311485
311486
311487
311488
311489
311490
311491
311492
311493
311494
311495
311496
311497
311498
311499
311500
311501
311502
311503
311504
311505
311506
311507
311508
311509
311510
311511
311512
311513
311514
311515
311516
311517
311518
311519
311520
311521
311522
311523
311524
311525
311526
311527
311528
311529
311530
311531
311532
311533
311534
311535
311536
311537
311538
311539
311540
311541
311542
311543
311544
311545
311546
311547
311548
311549
311550
311551
311552
311553
311554
311555
311556
311557
311558
311559
311560
311561
311562
311563
311564
311565
311566
311567
311568
311569
311570
311571
311572
311573
311574
311575
311576
311577
311578
311579
311580
311581
311582
311583
311584
311585
311586
311587
311588
311589
311590
311591
311592
311593
311594
311595
311596
311597
311598
311599
311600
311601
311602
311603
311604
311605
311606
311607
311608
311609
311610
311611
311612
311613
311614
311615
311616
311617
311618
311619
311620
311621
311622
311623
311624
311625
311626
311627
311628
311629
311630
311631
311632
311633
311634
311635
311636
311637
311638
311639
311640
311641
311642
311643
311644
311645
311646
311647
311648
311649
311650
311651
311652
311653
311654
311655
311656
311657
311658
311659
311660
311661
311662
311663
311664
311665
311666
311667
311668
311669
311670
311671
311672
311673
311674
311675
311676
311677
311678
311679
311680
311681
311682
311683
311684
311685
311686
311687
311688
311689
311690
311691
311692
311693
311694
311695
311696
311697
311698
311699
311700
311701
311702
311703
311704
311705
311706
311707
311708
311709
311710
311711
311712
311713
311714
311715
311716
311717
311718
311719
311720
311721
311722
311723
311724
311725
311726
311727
311728
311729
311730
311731
311732
311733
311734
311735
311736
311737
311738
311739
311740
311741
311742
311743
311744
311745
311746
311747
311748
311749
311750
311751
311752
311753
311754
311755
311756
311757
311758
311759
311760
311761
311762
311763
311764
311765
311766
311767
311768
311769
311770
311771
311772
311773
311774
311775
311776
311777
311778
311779
311780
311781
311782
311783
311784
311785
311786
311787
311788
311789
311790
311791
311792
311793
311794
311795
311796
311797
311798
311799
311800
311801
311802
311803
311804
311805
311806
311807
311808
311809
311810
311811
311812
311813
311814
311815
311816
311817
311818
311819
311820
311821
311822
311823
311824
311825
311826
311827
311828
311829
311830
311831
311832
311833
311834
311835
311836
311837
311838
311839
311840
311841
311842
311843
311844
311845
311846
311847
311848
311849
311850
349951
349952
349953
349954
349955
349956
349957
349958
349959
349960
349961
349962
349963
349964
349965
349966
349967
349968
349969
349970
349971
349972
349973
349974
349975
349976
349977
349978
349979
349980
349981
349982
349983
349984
349985
349986
349987
349988
349989
349990
349991
349992
349993
349994
349995
349996
349997
349998
349999
350000
-79703
-79705
-79707
-79709
-79711
-79713
-79715
-79717
-79719
-79721
-79723
-79725
-79727
-79729
-79731
-79733
-79735
-79737
-79739
-79741
-79743
-79745
-79747
-79749
-79751
-79753
-79755
-79757
-79759
-79761
-79763
-79765
-79767
-79769
-79771
-79773
-79775
-79777
-79779
-79781
-79783
-79785
-79787
-79789
-79791
-79793
-79795
-79797
-79799
-79800
99653
99655
99657
99659
99661
99663
99665
99667
99669
99671
99673
99675
99677
99679
99681
99683
99685
99687
99689
99691
99693
99695
99697
99699
99701
99703
99705
99707
99709
99711
99713
99715
99717
99719
99721
99723
99725
99727
99729
99731
99733
99735
99737
99739
99741
99743
99745
99747
99749
99750
-89900
-90000
-90100
-90200
-90300
-90400
-90500
-90600
-90700
-90800
-90900
-91000
-91100
-91200
-91300
-91400
-91500
-91600
-91700
-91800
-91900
-92000
-92100
-92200
-92300
-92400
-92500
-92600
-92700
-92800
-92900
-93000
-93100
-93200
-93300
-93400
-93500
-93600
-93700
-93800
-93900
-94000
-94100
-94200
-94300
-94400
-94500
-94600
-94700
-94799
)


// ************************************************************************* //
