/*--------------------------------*- C++ -*----------------------------------*\
| =========                 |                                                 |
| \\      /  F ield         | OpenFOAM: The Open Source CFD Toolbox           |
|  \\    /   O peration     | Version:  v1906                                 |
|   \\  /    A nd           | Web:      www.OpenFOAM.com                      |
|    \\/     M anipulation  |                                                 |
\*---------------------------------------------------------------------------*/
FoamFile
{
    version     2.0;
    format      ascii;
    class       labelList;
    location    "constant/adh17/polyMesh";
    object      faceRegionAddressing;
}
// * * * * * * * * * * * * * * * * * * * * * * * * * * * * * * * * * * * * * //


10100
(
84801
84802
84803
84804
84805
84806
84807
84808
84809
84810
84811
84812
84813
84814
84815
84816
84817
84818
84819
84820
84821
84822
84823
84824
84825
84826
84827
84828
84829
84830
84831
84832
84833
84834
84835
84836
84837
84838
84839
84840
84841
84842
84843
84844
84845
84846
84847
84848
84849
84850
84851
84852
84853
84854
84855
84856
84857
84858
84859
84860
84861
84862
84863
84864
84865
84866
84867
84868
84869
84870
84871
84872
84873
84874
84875
84876
84877
84878
84879
84880
84881
84882
84883
84884
84885
84886
84887
84888
84889
84890
84891
84892
84893
84894
84895
84896
84897
84898
84899
84901
84902
84903
84904
84905
84906
84907
84908
84909
84910
84911
84912
84913
84914
84915
84916
84917
84918
84919
84920
84921
84922
84923
84924
84925
84926
84927
84928
84929
84930
84931
84932
84933
84934
84935
84936
84937
84938
84939
84940
84941
84942
84943
84944
84945
84946
84947
84948
84949
84950
84951
84952
84953
84954
84955
84956
84957
84958
84959
84960
84961
84962
84963
84964
84965
84966
84967
84968
84969
84970
84971
84972
84973
84974
84975
84976
84977
84978
84979
84980
84981
84982
84983
84984
84985
84986
84987
84988
84989
84990
84991
84992
84993
84994
84995
84996
84997
84998
84999
85001
85002
85003
85004
85005
85006
85007
85008
85009
85010
85011
85012
85013
85014
85015
85016
85017
85018
85019
85020
85021
85022
85023
85024
85025
85026
85027
85028
85029
85030
85031
85032
85033
85034
85035
85036
85037
85038
85039
85040
85041
85042
85043
85044
85045
85046
85047
85048
85049
85050
85051
85052
85053
85054
85055
85056
85057
85058
85059
85060
85061
85062
85063
85064
85065
85066
85067
85068
85069
85070
85071
85072
85073
85074
85075
85076
85077
85078
85079
85080
85081
85082
85083
85084
85085
85086
85087
85088
85089
85090
85091
85092
85093
85094
85095
85096
85097
85098
85099
85101
85102
85103
85104
85105
85106
85107
85108
85109
85110
85111
85112
85113
85114
85115
85116
85117
85118
85119
85120
85121
85122
85123
85124
85125
85126
85127
85128
85129
85130
85131
85132
85133
85134
85135
85136
85137
85138
85139
85140
85141
85142
85143
85144
85145
85146
85147
85148
85149
85150
85151
85152
85153
85154
85155
85156
85157
85158
85159
85160
85161
85162
85163
85164
85165
85166
85167
85168
85169
85170
85171
85172
85173
85174
85175
85176
85177
85178
85179
85180
85181
85182
85183
85184
85185
85186
85187
85188
85189
85190
85191
85192
85193
85194
85195
85196
85197
85198
85199
85201
85202
85203
85204
85205
85206
85207
85208
85209
85210
85211
85212
85213
85214
85215
85216
85217
85218
85219
85220
85221
85222
85223
85224
85225
85226
85227
85228
85229
85230
85231
85232
85233
85234
85235
85236
85237
85238
85239
85240
85241
85242
85243
85244
85245
85246
85247
85248
85249
85250
85251
85252
85253
85254
85255
85256
85257
85258
85259
85260
85261
85262
85263
85264
85265
85266
85267
85268
85269
85270
85271
85272
85273
85274
85275
85276
85277
85278
85279
85280
85281
85282
85283
85284
85285
85286
85287
85288
85289
85290
85291
85292
85293
85294
85295
85296
85297
85298
85299
85301
85302
85303
85304
85305
85306
85307
85308
85309
85310
85311
85312
85313
85314
85315
85316
85317
85318
85319
85320
85321
85322
85323
85324
85325
85326
85327
85328
85329
85330
85331
85332
85333
85334
85335
85336
85337
85338
85339
85340
85341
85342
85343
85344
85345
85346
85347
85348
85349
85350
85351
85352
85353
85354
85355
85356
85357
85358
85359
85360
85361
85362
85363
85364
85365
85366
85367
85368
85369
85370
85371
85372
85373
85374
85375
85376
85377
85378
85379
85380
85381
85382
85383
85384
85385
85386
85387
85388
85389
85390
85391
85392
85393
85394
85395
85396
85397
85398
85399
85401
85402
85403
85404
85405
85406
85407
85408
85409
85410
85411
85412
85413
85414
85415
85416
85417
85418
85419
85420
85421
85422
85423
85424
85425
85426
85427
85428
85429
85430
85431
85432
85433
85434
85435
85436
85437
85438
85439
85440
85441
85442
85443
85444
85445
85446
85447
85448
85449
85450
85451
85452
85453
85454
85455
85456
85457
85458
85459
85460
85461
85462
85463
85464
85465
85466
85467
85468
85469
85470
85471
85472
85473
85474
85475
85476
85477
85478
85479
85480
85481
85482
85483
85484
85485
85486
85487
85488
85489
85490
85491
85492
85493
85494
85495
85496
85497
85498
85499
85501
85502
85503
85504
85505
85506
85507
85508
85509
85510
85511
85512
85513
85514
85515
85516
85517
85518
85519
85520
85521
85522
85523
85524
85525
85526
85527
85528
85529
85530
85531
85532
85533
85534
85535
85536
85537
85538
85539
85540
85541
85542
85543
85544
85545
85546
85547
85548
85549
85550
85551
85552
85553
85554
85555
85556
85557
85558
85559
85560
85561
85562
85563
85564
85565
85566
85567
85568
85569
85570
85571
85572
85573
85574
85575
85576
85577
85578
85579
85580
85581
85582
85583
85584
85585
85586
85587
85588
85589
85590
85591
85592
85593
85594
85595
85596
85597
85598
85599
85601
85602
85603
85604
85605
85606
85607
85608
85609
85610
85611
85612
85613
85614
85615
85616
85617
85618
85619
85620
85621
85622
85623
85624
85625
85626
85627
85628
85629
85630
85631
85632
85633
85634
85635
85636
85637
85638
85639
85640
85641
85642
85643
85644
85645
85646
85647
85648
85649
85650
85651
85652
85653
85654
85655
85656
85657
85658
85659
85660
85661
85662
85663
85664
85665
85666
85667
85668
85669
85670
85671
85672
85673
85674
85675
85676
85677
85678
85679
85680
85681
85682
85683
85684
85685
85686
85687
85688
85689
85690
85691
85692
85693
85694
85695
85696
85697
85698
85699
85701
85702
85703
85704
85705
85706
85707
85708
85709
85710
85711
85712
85713
85714
85715
85716
85717
85718
85719
85720
85721
85722
85723
85724
85725
85726
85727
85728
85729
85730
85731
85732
85733
85734
85735
85736
85737
85738
85739
85740
85741
85742
85743
85744
85745
85746
85747
85748
85749
85750
85751
85752
85753
85754
85755
85756
85757
85758
85759
85760
85761
85762
85763
85764
85765
85766
85767
85768
85769
85770
85771
85772
85773
85774
85775
85776
85777
85778
85779
85780
85781
85782
85783
85784
85785
85786
85787
85788
85789
85790
85791
85792
85793
85794
85795
85796
85797
85798
85799
85801
85802
85803
85804
85805
85806
85807
85808
85809
85810
85811
85812
85813
85814
85815
85816
85817
85818
85819
85820
85821
85822
85823
85824
85825
85826
85827
85828
85829
85830
85831
85832
85833
85834
85835
85836
85837
85838
85839
85840
85841
85842
85843
85844
85845
85846
85847
85848
85849
85850
85851
85852
85853
85854
85855
85856
85857
85858
85859
85860
85861
85862
85863
85864
85865
85866
85867
85868
85869
85870
85871
85872
85873
85874
85875
85876
85877
85878
85879
85880
85881
85882
85883
85884
85885
85886
85887
85888
85889
85890
85891
85892
85893
85894
85895
85896
85897
85898
85899
85901
85902
85903
85904
85905
85906
85907
85908
85909
85910
85911
85912
85913
85914
85915
85916
85917
85918
85919
85920
85921
85922
85923
85924
85925
85926
85927
85928
85929
85930
85931
85932
85933
85934
85935
85936
85937
85938
85939
85940
85941
85942
85943
85944
85945
85946
85947
85948
85949
85950
85951
85952
85953
85954
85955
85956
85957
85958
85959
85960
85961
85962
85963
85964
85965
85966
85967
85968
85969
85970
85971
85972
85973
85974
85975
85976
85977
85978
85979
85980
85981
85982
85983
85984
85985
85986
85987
85988
85989
85990
85991
85992
85993
85994
85995
85996
85997
85998
85999
86001
86002
86003
86004
86005
86006
86007
86008
86009
86010
86011
86012
86013
86014
86015
86016
86017
86018
86019
86020
86021
86022
86023
86024
86025
86026
86027
86028
86029
86030
86031
86032
86033
86034
86035
86036
86037
86038
86039
86040
86041
86042
86043
86044
86045
86046
86047
86048
86049
86050
86051
86052
86053
86054
86055
86056
86057
86058
86059
86060
86061
86062
86063
86064
86065
86066
86067
86068
86069
86070
86071
86072
86073
86074
86075
86076
86077
86078
86079
86080
86081
86082
86083
86084
86085
86086
86087
86088
86089
86090
86091
86092
86093
86094
86095
86096
86097
86098
86099
86101
86102
86103
86104
86105
86106
86107
86108
86109
86110
86111
86112
86113
86114
86115
86116
86117
86118
86119
86120
86121
86122
86123
86124
86125
86126
86127
86128
86129
86130
86131
86132
86133
86134
86135
86136
86137
86138
86139
86140
86141
86142
86143
86144
86145
86146
86147
86148
86149
86150
86151
86152
86153
86154
86155
86156
86157
86158
86159
86160
86161
86162
86163
86164
86165
86166
86167
86168
86169
86170
86171
86172
86173
86174
86175
86176
86177
86178
86179
86180
86181
86182
86183
86184
86185
86186
86187
86188
86189
86190
86191
86192
86193
86194
86195
86196
86197
86198
86199
86201
86202
86203
86204
86205
86206
86207
86208
86209
86210
86211
86212
86213
86214
86215
86216
86217
86218
86219
86220
86221
86222
86223
86224
86225
86226
86227
86228
86229
86230
86231
86232
86233
86234
86235
86236
86237
86238
86239
86240
86241
86242
86243
86244
86245
86246
86247
86248
86249
86250
86251
86252
86253
86254
86255
86256
86257
86258
86259
86260
86261
86262
86263
86264
86265
86266
86267
86268
86269
86270
86271
86272
86273
86274
86275
86276
86277
86278
86279
86280
86281
86282
86283
86284
86285
86286
86287
86288
86289
86290
86291
86292
86293
86294
86295
86296
86297
86298
86299
86301
86302
86303
86304
86305
86306
86307
86308
86309
86310
86311
86312
86313
86314
86315
86316
86317
86318
86319
86320
86321
86322
86323
86324
86325
86326
86327
86328
86329
86330
86331
86332
86333
86334
86335
86336
86337
86338
86339
86340
86341
86342
86343
86344
86345
86346
86347
86348
86349
86350
86351
86352
86353
86354
86355
86356
86357
86358
86359
86360
86361
86362
86363
86364
86365
86366
86367
86368
86369
86370
86371
86372
86373
86374
86375
86376
86377
86378
86379
86380
86381
86382
86383
86384
86385
86386
86387
86388
86389
86390
86391
86392
86393
86394
86395
86396
86397
86398
86399
86401
86402
86403
86404
86405
86406
86407
86408
86409
86410
86411
86412
86413
86414
86415
86416
86417
86418
86419
86420
86421
86422
86423
86424
86425
86426
86427
86428
86429
86430
86431
86432
86433
86434
86435
86436
86437
86438
86439
86440
86441
86442
86443
86444
86445
86446
86447
86448
86449
86450
86451
86452
86453
86454
86455
86456
86457
86458
86459
86460
86461
86462
86463
86464
86465
86466
86467
86468
86469
86470
86471
86472
86473
86474
86475
86476
86477
86478
86479
86480
86481
86482
86483
86484
86485
86486
86487
86488
86489
86490
86491
86492
86493
86494
86495
86496
86497
86498
86499
86501
86502
86503
86504
86505
86506
86507
86508
86509
86510
86511
86512
86513
86514
86515
86516
86517
86518
86519
86520
86521
86522
86523
86524
86525
86526
86527
86528
86529
86530
86531
86532
86533
86534
86535
86536
86537
86538
86539
86540
86541
86542
86543
86544
86545
86546
86547
86548
86549
86550
86551
86552
86553
86554
86555
86556
86557
86558
86559
86560
86561
86562
86563
86564
86565
86566
86567
86568
86569
86570
86571
86572
86573
86574
86575
86576
86577
86578
86579
86580
86581
86582
86583
86584
86585
86586
86587
86588
86589
86590
86591
86592
86593
86594
86595
86596
86597
86598
86599
86601
86602
86603
86604
86605
86606
86607
86608
86609
86610
86611
86612
86613
86614
86615
86616
86617
86618
86619
86620
86621
86622
86623
86624
86625
86626
86627
86628
86629
86630
86631
86632
86633
86634
86635
86636
86637
86638
86639
86640
86641
86642
86643
86644
86645
86646
86647
86648
86649
86650
86651
86652
86653
86654
86655
86656
86657
86658
86659
86660
86661
86662
86663
86664
86665
86666
86667
86668
86669
86670
86671
86672
86673
86674
86675
86676
86677
86678
86679
86680
86681
86682
86683
86684
86685
86686
86687
86688
86689
86690
86691
86692
86693
86694
86695
86696
86697
86698
86699
86701
86702
86703
86704
86705
86706
86707
86708
86709
86710
86711
86712
86713
86714
86715
86716
86717
86718
86719
86720
86721
86722
86723
86724
86725
86726
86727
86728
86729
86730
86731
86732
86733
86734
86735
86736
86737
86738
86739
86740
86741
86742
86743
86744
86745
86746
86747
86748
86749
86750
86751
86752
86753
86754
86755
86756
86757
86758
86759
86760
86761
86762
86763
86764
86765
86766
86767
86768
86769
86770
86771
86772
86773
86774
86775
86776
86777
86778
86779
86780
86781
86782
86783
86784
86785
86786
86787
86788
86789
86790
86791
86792
86793
86794
86795
86796
86797
86798
86799
86801
86802
86803
86804
86805
86806
86807
86808
86809
86810
86811
86812
86813
86814
86815
86816
86817
86818
86819
86820
86821
86822
86823
86824
86825
86826
86827
86828
86829
86830
86831
86832
86833
86834
86835
86836
86837
86838
86839
86840
86841
86842
86843
86844
86845
86846
86847
86848
86849
86850
86851
86852
86853
86854
86855
86856
86857
86858
86859
86860
86861
86862
86863
86864
86865
86866
86867
86868
86869
86870
86871
86872
86873
86874
86875
86876
86877
86878
86879
86880
86881
86882
86883
86884
86885
86886
86887
86888
86889
86890
86891
86892
86893
86894
86895
86896
86897
86898
86899
86901
86902
86903
86904
86905
86906
86907
86908
86909
86910
86911
86912
86913
86914
86915
86916
86917
86918
86919
86920
86921
86922
86923
86924
86925
86926
86927
86928
86929
86930
86931
86932
86933
86934
86935
86936
86937
86938
86939
86940
86941
86942
86943
86944
86945
86946
86947
86948
86949
86950
86951
86952
86953
86954
86955
86956
86957
86958
86959
86960
86961
86962
86963
86964
86965
86966
86967
86968
86969
86970
86971
86972
86973
86974
86975
86976
86977
86978
86979
86980
86981
86982
86983
86984
86985
86986
86987
86988
86989
86990
86991
86992
86993
86994
86995
86996
86997
86998
86999
87001
87002
87003
87004
87005
87006
87007
87008
87009
87010
87011
87012
87013
87014
87015
87016
87017
87018
87019
87020
87021
87022
87023
87024
87025
87026
87027
87028
87029
87030
87031
87032
87033
87034
87035
87036
87037
87038
87039
87040
87041
87042
87043
87044
87045
87046
87047
87048
87049
87050
87051
87052
87053
87054
87055
87056
87057
87058
87059
87060
87061
87062
87063
87064
87065
87066
87067
87068
87069
87070
87071
87072
87073
87074
87075
87076
87077
87078
87079
87080
87081
87082
87083
87084
87085
87086
87087
87088
87089
87090
87091
87092
87093
87094
87095
87096
87097
87098
87099
87101
87102
87103
87104
87105
87106
87107
87108
87109
87110
87111
87112
87113
87114
87115
87116
87117
87118
87119
87120
87121
87122
87123
87124
87125
87126
87127
87128
87129
87130
87131
87132
87133
87134
87135
87136
87137
87138
87139
87140
87141
87142
87143
87144
87145
87146
87147
87148
87149
87150
87151
87152
87153
87154
87155
87156
87157
87158
87159
87160
87161
87162
87163
87164
87165
87166
87167
87168
87169
87170
87171
87172
87173
87174
87175
87176
87177
87178
87179
87180
87181
87182
87183
87184
87185
87186
87187
87188
87189
87190
87191
87192
87193
87194
87195
87196
87197
87198
87199
87201
87202
87203
87204
87205
87206
87207
87208
87209
87210
87211
87212
87213
87214
87215
87216
87217
87218
87219
87220
87221
87222
87223
87224
87225
87226
87227
87228
87229
87230
87231
87232
87233
87234
87235
87236
87237
87238
87239
87240
87241
87242
87243
87244
87245
87246
87247
87248
87249
87250
87251
87252
87253
87254
87255
87256
87257
87258
87259
87260
87261
87262
87263
87264
87265
87266
87267
87268
87269
87270
87271
87272
87273
87274
87275
87276
87277
87278
87279
87280
87281
87282
87283
87284
87285
87286
87287
87288
87289
87290
87291
87292
87293
87294
87295
87296
87297
87298
87299
87301
87302
87303
87304
87305
87306
87307
87308
87309
87310
87311
87312
87313
87314
87315
87316
87317
87318
87319
87320
87321
87322
87323
87324
87325
87326
87327
87328
87329
87330
87331
87332
87333
87334
87335
87336
87337
87338
87339
87340
87341
87342
87343
87344
87345
87346
87347
87348
87349
87350
87351
87352
87353
87354
87355
87356
87357
87358
87359
87360
87361
87362
87363
87364
87365
87366
87367
87368
87369
87370
87371
87372
87373
87374
87375
87376
87377
87378
87379
87380
87381
87382
87383
87384
87385
87386
87387
87388
87389
87390
87391
87392
87393
87394
87395
87396
87397
87398
87399
87401
87402
87403
87404
87405
87406
87407
87408
87409
87410
87411
87412
87413
87414
87415
87416
87417
87418
87419
87420
87421
87422
87423
87424
87425
87426
87427
87428
87429
87430
87431
87432
87433
87434
87435
87436
87437
87438
87439
87440
87441
87442
87443
87444
87445
87446
87447
87448
87449
87450
87451
87452
87453
87454
87455
87456
87457
87458
87459
87460
87461
87462
87463
87464
87465
87466
87467
87468
87469
87470
87471
87472
87473
87474
87475
87476
87477
87478
87479
87480
87481
87482
87483
87484
87485
87486
87487
87488
87489
87490
87491
87492
87493
87494
87495
87496
87497
87498
87499
87501
87502
87503
87504
87505
87506
87507
87508
87509
87510
87511
87512
87513
87514
87515
87516
87517
87518
87519
87520
87521
87522
87523
87524
87525
87526
87527
87528
87529
87530
87531
87532
87533
87534
87535
87536
87537
87538
87539
87540
87541
87542
87543
87544
87545
87546
87547
87548
87549
87550
87551
87552
87553
87554
87555
87556
87557
87558
87559
87560
87561
87562
87563
87564
87565
87566
87567
87568
87569
87570
87571
87572
87573
87574
87575
87576
87577
87578
87579
87580
87581
87582
87583
87584
87585
87586
87587
87588
87589
87590
87591
87592
87593
87594
87595
87596
87597
87598
87599
87601
87602
87603
87604
87605
87606
87607
87608
87609
87610
87611
87612
87613
87614
87615
87616
87617
87618
87619
87620
87621
87622
87623
87624
87625
87626
87627
87628
87629
87630
87631
87632
87633
87634
87635
87636
87637
87638
87639
87640
87641
87642
87643
87644
87645
87646
87647
87648
87649
87650
87651
87652
87653
87654
87655
87656
87657
87658
87659
87660
87661
87662
87663
87664
87665
87666
87667
87668
87669
87670
87671
87672
87673
87674
87675
87676
87677
87678
87679
87680
87681
87682
87683
87684
87685
87686
87687
87688
87689
87690
87691
87692
87693
87694
87695
87696
87697
87698
87699
87701
87702
87703
87704
87705
87706
87707
87708
87709
87710
87711
87712
87713
87714
87715
87716
87717
87718
87719
87720
87721
87722
87723
87724
87725
87726
87727
87728
87729
87730
87731
87732
87733
87734
87735
87736
87737
87738
87739
87740
87741
87742
87743
87744
87745
87746
87747
87748
87749
87750
87751
87752
87753
87754
87755
87756
87757
87758
87759
87760
87761
87762
87763
87764
87765
87766
87767
87768
87769
87770
87771
87772
87773
87774
87775
87776
87777
87778
87779
87780
87781
87782
87783
87784
87785
87786
87787
87788
87789
87790
87791
87792
87793
87794
87795
87796
87797
87798
87799
87801
87802
87803
87804
87805
87806
87807
87808
87809
87810
87811
87812
87813
87814
87815
87816
87817
87818
87819
87820
87821
87822
87823
87824
87825
87826
87827
87828
87829
87830
87831
87832
87833
87834
87835
87836
87837
87838
87839
87840
87841
87842
87843
87844
87845
87846
87847
87848
87849
87850
87851
87852
87853
87854
87855
87856
87857
87858
87859
87860
87861
87862
87863
87864
87865
87866
87867
87868
87869
87870
87871
87872
87873
87874
87875
87876
87877
87878
87879
87880
87881
87882
87883
87884
87885
87886
87887
87888
87889
87890
87891
87892
87893
87894
87895
87896
87897
87898
87899
87901
87902
87903
87904
87905
87906
87907
87908
87909
87910
87911
87912
87913
87914
87915
87916
87917
87918
87919
87920
87921
87922
87923
87924
87925
87926
87927
87928
87929
87930
87931
87932
87933
87934
87935
87936
87937
87938
87939
87940
87941
87942
87943
87944
87945
87946
87947
87948
87949
87950
87951
87952
87953
87954
87955
87956
87957
87958
87959
87960
87961
87962
87963
87964
87965
87966
87967
87968
87969
87970
87971
87972
87973
87974
87975
87976
87977
87978
87979
87980
87981
87982
87983
87984
87985
87986
87987
87988
87989
87990
87991
87992
87993
87994
87995
87996
87997
87998
87999
88001
88002
88003
88004
88005
88006
88007
88008
88009
88010
88011
88012
88013
88014
88015
88016
88017
88018
88019
88020
88021
88022
88023
88024
88025
88026
88027
88028
88029
88030
88031
88032
88033
88034
88035
88036
88037
88038
88039
88040
88041
88042
88043
88044
88045
88046
88047
88048
88049
88050
88051
88052
88053
88054
88055
88056
88057
88058
88059
88060
88061
88062
88063
88064
88065
88066
88067
88068
88069
88070
88071
88072
88073
88074
88075
88076
88077
88078
88079
88080
88081
88082
88083
88084
88085
88086
88087
88088
88089
88090
88091
88092
88093
88094
88095
88096
88097
88098
88099
88101
88102
88103
88104
88105
88106
88107
88108
88109
88110
88111
88112
88113
88114
88115
88116
88117
88118
88119
88120
88121
88122
88123
88124
88125
88126
88127
88128
88129
88130
88131
88132
88133
88134
88135
88136
88137
88138
88139
88140
88141
88142
88143
88144
88145
88146
88147
88148
88149
88150
88151
88152
88153
88154
88155
88156
88157
88158
88159
88160
88161
88162
88163
88164
88165
88166
88167
88168
88169
88170
88171
88172
88173
88174
88175
88176
88177
88178
88179
88180
88181
88182
88183
88184
88185
88186
88187
88188
88189
88190
88191
88192
88193
88194
88195
88196
88197
88198
88199
88201
88202
88203
88204
88205
88206
88207
88208
88209
88210
88211
88212
88213
88214
88215
88216
88217
88218
88219
88220
88221
88222
88223
88224
88225
88226
88227
88228
88229
88230
88231
88232
88233
88234
88235
88236
88237
88238
88239
88240
88241
88242
88243
88244
88245
88246
88247
88248
88249
88250
88251
88252
88253
88254
88255
88256
88257
88258
88259
88260
88261
88262
88263
88264
88265
88266
88267
88268
88269
88270
88271
88272
88273
88274
88275
88276
88277
88278
88279
88280
88281
88282
88283
88284
88285
88286
88287
88288
88289
88290
88291
88292
88293
88294
88295
88296
88297
88298
88299
88301
88302
88303
88304
88305
88306
88307
88308
88309
88310
88311
88312
88313
88314
88315
88316
88317
88318
88319
88320
88321
88322
88323
88324
88325
88326
88327
88328
88329
88330
88331
88332
88333
88334
88335
88336
88337
88338
88339
88340
88341
88342
88343
88344
88345
88346
88347
88348
88349
88350
88351
88352
88353
88354
88355
88356
88357
88358
88359
88360
88361
88362
88363
88364
88365
88366
88367
88368
88369
88370
88371
88372
88373
88374
88375
88376
88377
88378
88379
88380
88381
88382
88383
88384
88385
88386
88387
88388
88389
88390
88391
88392
88393
88394
88395
88396
88397
88398
88399
88401
88402
88403
88404
88405
88406
88407
88408
88409
88410
88411
88412
88413
88414
88415
88416
88417
88418
88419
88420
88421
88422
88423
88424
88425
88426
88427
88428
88429
88430
88431
88432
88433
88434
88435
88436
88437
88438
88439
88440
88441
88442
88443
88444
88445
88446
88447
88448
88449
88450
88451
88452
88453
88454
88455
88456
88457
88458
88459
88460
88461
88462
88463
88464
88465
88466
88467
88468
88469
88470
88471
88472
88473
88474
88475
88476
88477
88478
88479
88480
88481
88482
88483
88484
88485
88486
88487
88488
88489
88490
88491
88492
88493
88494
88495
88496
88497
88498
88499
88501
88502
88503
88504
88505
88506
88507
88508
88509
88510
88511
88512
88513
88514
88515
88516
88517
88518
88519
88520
88521
88522
88523
88524
88525
88526
88527
88528
88529
88530
88531
88532
88533
88534
88535
88536
88537
88538
88539
88540
88541
88542
88543
88544
88545
88546
88547
88548
88549
88550
88551
88552
88553
88554
88555
88556
88557
88558
88559
88560
88561
88562
88563
88564
88565
88566
88567
88568
88569
88570
88571
88572
88573
88574
88575
88576
88577
88578
88579
88580
88581
88582
88583
88584
88585
88586
88587
88588
88589
88590
88591
88592
88593
88594
88595
88596
88597
88598
88599
88601
88602
88603
88604
88605
88606
88607
88608
88609
88610
88611
88612
88613
88614
88615
88616
88617
88618
88619
88620
88621
88622
88623
88624
88625
88626
88627
88628
88629
88630
88631
88632
88633
88634
88635
88636
88637
88638
88639
88640
88641
88642
88643
88644
88645
88646
88647
88648
88649
88650
88651
88652
88653
88654
88655
88656
88657
88658
88659
88660
88661
88662
88663
88664
88665
88666
88667
88668
88669
88670
88671
88672
88673
88674
88675
88676
88677
88678
88679
88680
88681
88682
88683
88684
88685
88686
88687
88688
88689
88690
88691
88692
88693
88694
88695
88696
88697
88698
88699
88701
88702
88703
88704
88705
88706
88707
88708
88709
88710
88711
88712
88713
88714
88715
88716
88717
88718
88719
88720
88721
88722
88723
88724
88725
88726
88727
88728
88729
88730
88731
88732
88733
88734
88735
88736
88737
88738
88739
88740
88741
88742
88743
88744
88745
88746
88747
88748
88749
88750
88751
88752
88753
88754
88755
88756
88757
88758
88759
88760
88761
88762
88763
88764
88765
88766
88767
88768
88769
88770
88771
88772
88773
88774
88775
88776
88777
88778
88779
88780
88781
88782
88783
88784
88785
88786
88787
88788
88789
88790
88791
88792
88793
88794
88795
88796
88797
88798
88799
88801
88802
88803
88804
88805
88806
88807
88808
88809
88810
88811
88812
88813
88814
88815
88816
88817
88818
88819
88820
88821
88822
88823
88824
88825
88826
88827
88828
88829
88830
88831
88832
88833
88834
88835
88836
88837
88838
88839
88840
88841
88842
88843
88844
88845
88846
88847
88848
88849
88850
88851
88852
88853
88854
88855
88856
88857
88858
88859
88860
88861
88862
88863
88864
88865
88866
88867
88868
88869
88870
88871
88872
88873
88874
88875
88876
88877
88878
88879
88880
88881
88882
88883
88884
88885
88886
88887
88888
88889
88890
88891
88892
88893
88894
88895
88896
88897
88898
88899
88901
88902
88903
88904
88905
88906
88907
88908
88909
88910
88911
88912
88913
88914
88915
88916
88917
88918
88919
88920
88921
88922
88923
88924
88925
88926
88927
88928
88929
88930
88931
88932
88933
88934
88935
88936
88937
88938
88939
88940
88941
88942
88943
88944
88945
88946
88947
88948
88949
88950
88951
88952
88953
88954
88955
88956
88957
88958
88959
88960
88961
88962
88963
88964
88965
88966
88967
88968
88969
88970
88971
88972
88973
88974
88975
88976
88977
88978
88979
88980
88981
88982
88983
88984
88985
88986
88987
88988
88989
88990
88991
88992
88993
88994
88995
88996
88997
88998
88999
89001
89002
89003
89004
89005
89006
89007
89008
89009
89010
89011
89012
89013
89014
89015
89016
89017
89018
89019
89020
89021
89022
89023
89024
89025
89026
89027
89028
89029
89030
89031
89032
89033
89034
89035
89036
89037
89038
89039
89040
89041
89042
89043
89044
89045
89046
89047
89048
89049
89050
89051
89052
89053
89054
89055
89056
89057
89058
89059
89060
89061
89062
89063
89064
89065
89066
89067
89068
89069
89070
89071
89072
89073
89074
89075
89076
89077
89078
89079
89080
89081
89082
89083
89084
89085
89086
89087
89088
89089
89090
89091
89092
89093
89094
89095
89096
89097
89098
89099
89101
89102
89103
89104
89105
89106
89107
89108
89109
89110
89111
89112
89113
89114
89115
89116
89117
89118
89119
89120
89121
89122
89123
89124
89125
89126
89127
89128
89129
89130
89131
89132
89133
89134
89135
89136
89137
89138
89139
89140
89141
89142
89143
89144
89145
89146
89147
89148
89149
89150
89151
89152
89153
89154
89155
89156
89157
89158
89159
89160
89161
89162
89163
89164
89165
89166
89167
89168
89169
89170
89171
89172
89173
89174
89175
89176
89177
89178
89179
89180
89181
89182
89183
89184
89185
89186
89187
89188
89189
89190
89191
89192
89193
89194
89195
89196
89197
89198
89199
89201
89202
89203
89204
89205
89206
89207
89208
89209
89210
89211
89212
89213
89214
89215
89216
89217
89218
89219
89220
89221
89222
89223
89224
89225
89226
89227
89228
89229
89230
89231
89232
89233
89234
89235
89236
89237
89238
89239
89240
89241
89242
89243
89244
89245
89246
89247
89248
89249
89250
89251
89252
89253
89254
89255
89256
89257
89258
89259
89260
89261
89262
89263
89264
89265
89266
89267
89268
89269
89270
89271
89272
89273
89274
89275
89276
89277
89278
89279
89280
89281
89282
89283
89284
89285
89286
89287
89288
89289
89290
89291
89292
89293
89294
89295
89296
89297
89298
89299
89301
89302
89303
89304
89305
89306
89307
89308
89309
89310
89311
89312
89313
89314
89315
89316
89317
89318
89319
89320
89321
89322
89323
89324
89325
89326
89327
89328
89329
89330
89331
89332
89333
89334
89335
89336
89337
89338
89339
89340
89341
89342
89343
89344
89345
89346
89347
89348
89349
89350
89351
89352
89353
89354
89355
89356
89357
89358
89359
89360
89361
89362
89363
89364
89365
89366
89367
89368
89369
89370
89371
89372
89373
89374
89375
89376
89377
89378
89379
89380
89381
89382
89383
89384
89385
89386
89387
89388
89389
89390
89391
89392
89393
89394
89395
89396
89397
89398
89399
89401
89402
89403
89404
89405
89406
89407
89408
89409
89410
89411
89412
89413
89414
89415
89416
89417
89418
89419
89420
89421
89422
89423
89424
89425
89426
89427
89428
89429
89430
89431
89432
89433
89434
89435
89436
89437
89438
89439
89440
89441
89442
89443
89444
89445
89446
89447
89448
89449
89450
89451
89452
89453
89454
89455
89456
89457
89458
89459
89460
89461
89462
89463
89464
89465
89466
89467
89468
89469
89470
89471
89472
89473
89474
89475
89476
89477
89478
89479
89480
89481
89482
89483
89484
89485
89486
89487
89488
89489
89490
89491
89492
89493
89494
89495
89496
89497
89498
89499
89501
89502
89503
89504
89505
89506
89507
89508
89509
89510
89511
89512
89513
89514
89515
89516
89517
89518
89519
89520
89521
89522
89523
89524
89525
89526
89527
89528
89529
89530
89531
89532
89533
89534
89535
89536
89537
89538
89539
89540
89541
89542
89543
89544
89545
89546
89547
89548
89549
89550
89551
89552
89553
89554
89555
89556
89557
89558
89559
89560
89561
89562
89563
89564
89565
89566
89567
89568
89569
89570
89571
89572
89573
89574
89575
89576
89577
89578
89579
89580
89581
89582
89583
89584
89585
89586
89587
89588
89589
89590
89591
89592
89593
89594
89595
89596
89597
89598
89599
89601
89602
89603
89604
89605
89606
89607
89608
89609
89610
89611
89612
89613
89614
89615
89616
89617
89618
89619
89620
89621
89622
89623
89624
89625
89626
89627
89628
89629
89630
89631
89632
89633
89634
89635
89636
89637
89638
89639
89640
89641
89642
89643
89644
89645
89646
89647
89648
89649
89650
89651
89652
89653
89654
89655
89656
89657
89658
89659
89660
89661
89662
89663
89664
89665
89666
89667
89668
89669
89670
89671
89672
89673
89674
89675
89676
89677
89678
89679
89680
89681
89682
89683
89684
89685
89686
89687
89688
89689
89690
89691
89692
89693
89694
89695
89696
89697
89698
89699
89701
89703
89705
89707
89709
89711
89713
89715
89717
89719
89721
89723
89725
89727
89729
89731
89733
89735
89737
89739
89741
89743
89745
89747
89749
89751
89753
89755
89757
89759
89761
89763
89765
89767
89769
89771
89773
89775
89777
89779
89781
89783
89785
89787
89789
89791
89793
89795
89797
216851
216852
216853
216854
216855
216856
216857
216858
216859
216860
216861
216862
216863
216864
216865
216866
216867
216868
216869
216870
216871
216872
216873
216874
216875
216876
216877
216878
216879
216880
216881
216882
216883
216884
216885
216886
216887
216888
216889
216890
216891
216892
216893
216894
216895
216896
216897
216898
216899
216900
216901
216902
216903
216904
216905
216906
216907
216908
216909
216910
216911
216912
216913
216914
216915
216916
216917
216918
216919
216920
216921
216922
216923
216924
216925
216926
216927
216928
216929
216930
216931
216932
216933
216934
216935
216936
216937
216938
216939
216940
216941
216942
216943
216944
216945
216946
216947
216948
216949
216950
216951
216952
216953
216954
216955
216956
216957
216958
216959
216960
216961
216962
216963
216964
216965
216966
216967
216968
216969
216970
216971
216972
216973
216974
216975
216976
216977
216978
216979
216980
216981
216982
216983
216984
216985
216986
216987
216988
216989
216990
216991
216992
216993
216994
216995
216996
216997
216998
216999
217000
217001
217002
217003
217004
217005
217006
217007
217008
217009
217010
217011
217012
217013
217014
217015
217016
217017
217018
217019
217020
217021
217022
217023
217024
217025
217026
217027
217028
217029
217030
217031
217032
217033
217034
217035
217036
217037
217038
217039
217040
217041
217042
217043
217044
217045
217046
217047
217048
217049
217050
217051
217052
217053
217054
217055
217056
217057
217058
217059
217060
217061
217062
217063
217064
217065
217066
217067
217068
217069
217070
217071
217072
217073
217074
217075
217076
217077
217078
217079
217080
217081
217082
217083
217084
217085
217086
217087
217088
217089
217090
217091
217092
217093
217094
217095
217096
217097
217098
217099
217100
217101
217102
217103
217104
217105
217106
217107
217108
217109
217110
217111
217112
217113
217114
217115
217116
217117
217118
217119
217120
217121
217122
217123
217124
217125
217126
217127
217128
217129
217130
217131
217132
217133
217134
217135
217136
217137
217138
217139
217140
217141
217142
217143
217144
217145
217146
217147
217148
217149
217150
217151
217152
217153
217154
217155
217156
217157
217158
217159
217160
217161
217162
217163
217164
217165
217166
217167
217168
217169
217170
217171
217172
217173
217174
217175
217176
217177
217178
217179
217180
217181
217182
217183
217184
217185
217186
217187
217188
217189
217190
217191
217192
217193
217194
217195
217196
217197
217198
217199
217200
217201
217202
217203
217204
217205
217206
217207
217208
217209
217210
217211
217212
217213
217214
217215
217216
217217
217218
217219
217220
217221
217222
217223
217224
217225
217226
217227
217228
217229
217230
217231
217232
217233
217234
217235
217236
217237
217238
217239
217240
217241
217242
217243
217244
217245
217246
217247
217248
217249
217250
217251
217252
217253
217254
217255
217256
217257
217258
217259
217260
217261
217262
217263
217264
217265
217266
217267
217268
217269
217270
217271
217272
217273
217274
217275
217276
217277
217278
217279
217280
217281
217282
217283
217284
217285
217286
217287
217288
217289
217290
217291
217292
217293
217294
217295
217296
217297
217298
217299
217300
217301
217302
217303
217304
217305
217306
217307
217308
217309
217310
217311
217312
217313
217314
217315
217316
217317
217318
217319
217320
217321
217322
217323
217324
217325
217326
217327
217328
217329
217330
217331
217332
217333
217334
217335
217336
217337
217338
217339
217340
217341
217342
217343
217344
217345
217346
217347
217348
217349
217350
217351
217352
217353
217354
217355
217356
217357
217358
217359
217360
217361
217362
217363
217364
217365
217366
217367
217368
217369
217370
217371
217372
217373
217374
217375
217376
217377
217378
217379
217380
217381
217382
217383
217384
217385
217386
217387
217388
217389
217390
217391
217392
217393
217394
217395
217396
217397
217398
217399
217400
217401
217402
217403
217404
217405
217406
217407
217408
217409
217410
217411
217412
217413
217414
217415
217416
217417
217418
217419
217420
217421
217422
217423
217424
217425
217426
217427
217428
217429
217430
217431
217432
217433
217434
217435
217436
217437
217438
217439
217440
217441
217442
217443
217444
217445
217446
217447
217448
217449
217450
217451
217452
217453
217454
217455
217456
217457
217458
217459
217460
217461
217462
217463
217464
217465
217466
217467
217468
217469
217470
217471
217472
217473
217474
217475
217476
217477
217478
217479
217480
217481
217482
217483
217484
217485
217486
217487
217488
217489
217490
217491
217492
217493
217494
217495
217496
217497
217498
217499
217500
217501
217502
217503
217504
217505
217506
217507
217508
217509
217510
217511
217512
217513
217514
217515
217516
217517
217518
217519
217520
217521
217522
217523
217524
217525
217526
217527
217528
217529
217530
217531
217532
217533
217534
217535
217536
217537
217538
217539
217540
217541
217542
217543
217544
217545
217546
217547
217548
217549
217550
217551
217552
217553
217554
217555
217556
217557
217558
217559
217560
217561
217562
217563
217564
217565
217566
217567
217568
217569
217570
217571
217572
217573
217574
217575
217576
217577
217578
217579
217580
217581
217582
217583
217584
217585
217586
217587
217588
217589
217590
217591
217592
217593
217594
217595
217596
217597
217598
217599
217600
217601
217602
217603
217604
217605
217606
217607
217608
217609
217610
217611
217612
217613
217614
217615
217616
217617
217618
217619
217620
217621
217622
217623
217624
217625
217626
217627
217628
217629
217630
217631
217632
217633
217634
217635
217636
217637
217638
217639
217640
217641
217642
217643
217644
217645
217646
217647
217648
217649
217650
217651
217652
217653
217654
217655
217656
217657
217658
217659
217660
217661
217662
217663
217664
217665
217666
217667
217668
217669
217670
217671
217672
217673
217674
217675
217676
217677
217678
217679
217680
217681
217682
217683
217684
217685
217686
217687
217688
217689
217690
217691
217692
217693
217694
217695
217696
217697
217698
217699
217700
217701
217702
217703
217704
217705
217706
217707
217708
217709
217710
217711
217712
217713
217714
217715
217716
217717
217718
217719
217720
217721
217722
217723
217724
217725
217726
217727
217728
217729
217730
217731
217732
217733
217734
217735
217736
217737
217738
217739
217740
217741
217742
217743
217744
217745
217746
217747
217748
217749
217750
217751
217752
217753
217754
217755
217756
217757
217758
217759
217760
217761
217762
217763
217764
217765
217766
217767
217768
217769
217770
217771
217772
217773
217774
217775
217776
217777
217778
217779
217780
217781
217782
217783
217784
217785
217786
217787
217788
217789
217790
217791
217792
217793
217794
217795
217796
217797
217798
217799
217800
217801
217802
217803
217804
217805
217806
217807
217808
217809
217810
217811
217812
217813
217814
217815
217816
217817
217818
217819
217820
217821
217822
217823
217824
217825
217826
217827
217828
217829
217830
217831
217832
217833
217834
217835
217836
217837
217838
217839
217840
217841
217842
217843
217844
217845
217846
217847
217848
217849
217850
217851
217852
217853
217854
217855
217856
217857
217858
217859
217860
217861
217862
217863
217864
217865
217866
217867
217868
217869
217870
217871
217872
217873
217874
217875
217876
217877
217878
217879
217880
217881
217882
217883
217884
217885
217886
217887
217888
217889
217890
217891
217892
217893
217894
217895
217896
217897
217898
217899
217900
217901
217902
217903
217904
217905
217906
217907
217908
217909
217910
217911
217912
217913
217914
217915
217916
217917
217918
217919
217920
217921
217922
217923
217924
217925
217926
217927
217928
217929
217930
217931
217932
217933
217934
217935
217936
217937
217938
217939
217940
217941
217942
217943
217944
217945
217946
217947
217948
217949
217950
217951
217952
217953
217954
217955
217956
217957
217958
217959
217960
217961
217962
217963
217964
217965
217966
217967
217968
217969
217970
217971
217972
217973
217974
217975
217976
217977
217978
217979
217980
217981
217982
217983
217984
217985
217986
217987
217988
217989
217990
217991
217992
217993
217994
217995
217996
217997
217998
217999
218000
218001
218002
218003
218004
218005
218006
218007
218008
218009
218010
218011
218012
218013
218014
218015
218016
218017
218018
218019
218020
218021
218022
218023
218024
218025
218026
218027
218028
218029
218030
218031
218032
218033
218034
218035
218036
218037
218038
218039
218040
218041
218042
218043
218044
218045
218046
218047
218048
218049
218050
218051
218052
218053
218054
218055
218056
218057
218058
218059
218060
218061
218062
218063
218064
218065
218066
218067
218068
218069
218070
218071
218072
218073
218074
218075
218076
218077
218078
218079
218080
218081
218082
218083
218084
218085
218086
218087
218088
218089
218090
218091
218092
218093
218094
218095
218096
218097
218098
218099
218100
218101
218102
218103
218104
218105
218106
218107
218108
218109
218110
218111
218112
218113
218114
218115
218116
218117
218118
218119
218120
218121
218122
218123
218124
218125
218126
218127
218128
218129
218130
218131
218132
218133
218134
218135
218136
218137
218138
218139
218140
218141
218142
218143
218144
218145
218146
218147
218148
218149
218150
218151
218152
218153
218154
218155
218156
218157
218158
218159
218160
218161
218162
218163
218164
218165
218166
218167
218168
218169
218170
218171
218172
218173
218174
218175
218176
218177
218178
218179
218180
218181
218182
218183
218184
218185
218186
218187
218188
218189
218190
218191
218192
218193
218194
218195
218196
218197
218198
218199
218200
218201
218202
218203
218204
218205
218206
218207
218208
218209
218210
218211
218212
218213
218214
218215
218216
218217
218218
218219
218220
218221
218222
218223
218224
218225
218226
218227
218228
218229
218230
218231
218232
218233
218234
218235
218236
218237
218238
218239
218240
218241
218242
218243
218244
218245
218246
218247
218248
218249
218250
218251
218252
218253
218254
218255
218256
218257
218258
218259
218260
218261
218262
218263
218264
218265
218266
218267
218268
218269
218270
218271
218272
218273
218274
218275
218276
218277
218278
218279
218280
218281
218282
218283
218284
218285
218286
218287
218288
218289
218290
218291
218292
218293
218294
218295
218296
218297
218298
218299
218300
218301
218302
218303
218304
218305
218306
218307
218308
218309
218310
218311
218312
218313
218314
218315
218316
218317
218318
218319
218320
218321
218322
218323
218324
218325
218326
218327
218328
218329
218330
218331
218332
218333
218334
218335
218336
218337
218338
218339
218340
218341
218342
218343
218344
218345
218346
218347
218348
218349
218350
218351
218352
218353
218354
218355
218356
218357
218358
218359
218360
218361
218362
218363
218364
218365
218366
218367
218368
218369
218370
218371
218372
218373
218374
218375
218376
218377
218378
218379
218380
218381
218382
218383
218384
218385
218386
218387
218388
218389
218390
218391
218392
218393
218394
218395
218396
218397
218398
218399
218400
218401
218402
218403
218404
218405
218406
218407
218408
218409
218410
218411
218412
218413
218414
218415
218416
218417
218418
218419
218420
218421
218422
218423
218424
218425
218426
218427
218428
218429
218430
218431
218432
218433
218434
218435
218436
218437
218438
218439
218440
218441
218442
218443
218444
218445
218446
218447
218448
218449
218450
218451
218452
218453
218454
218455
218456
218457
218458
218459
218460
218461
218462
218463
218464
218465
218466
218467
218468
218469
218470
218471
218472
218473
218474
218475
218476
218477
218478
218479
218480
218481
218482
218483
218484
218485
218486
218487
218488
218489
218490
218491
218492
218493
218494
218495
218496
218497
218498
218499
218500
218501
218502
218503
218504
218505
218506
218507
218508
218509
218510
218511
218512
218513
218514
218515
218516
218517
218518
218519
218520
218521
218522
218523
218524
218525
218526
218527
218528
218529
218530
218531
218532
218533
218534
218535
218536
218537
218538
218539
218540
218541
218542
218543
218544
218545
218546
218547
218548
218549
218550
218551
218552
218553
218554
218555
218556
218557
218558
218559
218560
218561
218562
218563
218564
218565
218566
218567
218568
218569
218570
218571
218572
218573
218574
218575
218576
218577
218578
218579
218580
218581
218582
218583
218584
218585
218586
218587
218588
218589
218590
218591
218592
218593
218594
218595
218596
218597
218598
218599
218600
218601
218602
218603
218604
218605
218606
218607
218608
218609
218610
218611
218612
218613
218614
218615
218616
218617
218618
218619
218620
218621
218622
218623
218624
218625
218626
218627
218628
218629
218630
218631
218632
218633
218634
218635
218636
218637
218638
218639
218640
218641
218642
218643
218644
218645
218646
218647
218648
218649
218650
218651
218652
218653
218654
218655
218656
218657
218658
218659
218660
218661
218662
218663
218664
218665
218666
218667
218668
218669
218670
218671
218672
218673
218674
218675
218676
218677
218678
218679
218680
218681
218682
218683
218684
218685
218686
218687
218688
218689
218690
218691
218692
218693
218694
218695
218696
218697
218698
218699
218700
218701
218702
218703
218704
218705
218706
218707
218708
218709
218710
218711
218712
218713
218714
218715
218716
218717
218718
218719
218720
218721
218722
218723
218724
218725
218726
218727
218728
218729
218730
218731
218732
218733
218734
218735
218736
218737
218738
218739
218740
218741
218742
218743
218744
218745
218746
218747
218748
218749
218750
218751
218752
218753
218754
218755
218756
218757
218758
218759
218760
218761
218762
218763
218764
218765
218766
218767
218768
218769
218770
218771
218772
218773
218774
218775
218776
218777
218778
218779
218780
218781
218782
218783
218784
218785
218786
218787
218788
218789
218790
218791
218792
218793
218794
218795
218796
218797
218798
218799
218800
218801
218802
218803
218804
218805
218806
218807
218808
218809
218810
218811
218812
218813
218814
218815
218816
218817
218818
218819
218820
218821
218822
218823
218824
218825
218826
218827
218828
218829
218830
218831
218832
218833
218834
218835
218836
218837
218838
218839
218840
218841
218842
218843
218844
218845
218846
218847
218848
218849
218850
218851
218852
218853
218854
218855
218856
218857
218858
218859
218860
218861
218862
218863
218864
218865
218866
218867
218868
218869
218870
218871
218872
218873
218874
218875
218876
218877
218878
218879
218880
218881
218882
218883
218884
218885
218886
218887
218888
218889
218890
218891
218892
218893
218894
218895
218896
218897
218898
218899
218900
218901
218902
218903
218904
218905
218906
218907
218908
218909
218910
218911
218912
218913
218914
218915
218916
218917
218918
218919
218920
218921
218922
218923
218924
218925
218926
218927
218928
218929
218930
218931
218932
218933
218934
218935
218936
218937
218938
218939
218940
218941
218942
218943
218944
218945
218946
218947
218948
218949
218950
218951
218952
218953
218954
218955
218956
218957
218958
218959
218960
218961
218962
218963
218964
218965
218966
218967
218968
218969
218970
218971
218972
218973
218974
218975
218976
218977
218978
218979
218980
218981
218982
218983
218984
218985
218986
218987
218988
218989
218990
218991
218992
218993
218994
218995
218996
218997
218998
218999
219000
219001
219002
219003
219004
219005
219006
219007
219008
219009
219010
219011
219012
219013
219014
219015
219016
219017
219018
219019
219020
219021
219022
219023
219024
219025
219026
219027
219028
219029
219030
219031
219032
219033
219034
219035
219036
219037
219038
219039
219040
219041
219042
219043
219044
219045
219046
219047
219048
219049
219050
219051
219052
219053
219054
219055
219056
219057
219058
219059
219060
219061
219062
219063
219064
219065
219066
219067
219068
219069
219070
219071
219072
219073
219074
219075
219076
219077
219078
219079
219080
219081
219082
219083
219084
219085
219086
219087
219088
219089
219090
219091
219092
219093
219094
219095
219096
219097
219098
219099
219100
219101
219102
219103
219104
219105
219106
219107
219108
219109
219110
219111
219112
219113
219114
219115
219116
219117
219118
219119
219120
219121
219122
219123
219124
219125
219126
219127
219128
219129
219130
219131
219132
219133
219134
219135
219136
219137
219138
219139
219140
219141
219142
219143
219144
219145
219146
219147
219148
219149
219150
219151
219152
219153
219154
219155
219156
219157
219158
219159
219160
219161
219162
219163
219164
219165
219166
219167
219168
219169
219170
219171
219172
219173
219174
219175
219176
219177
219178
219179
219180
219181
219182
219183
219184
219185
219186
219187
219188
219189
219190
219191
219192
219193
219194
219195
219196
219197
219198
219199
219200
219201
219202
219203
219204
219205
219206
219207
219208
219209
219210
219211
219212
219213
219214
219215
219216
219217
219218
219219
219220
219221
219222
219223
219224
219225
219226
219227
219228
219229
219230
219231
219232
219233
219234
219235
219236
219237
219238
219239
219240
219241
219242
219243
219244
219245
219246
219247
219248
219249
219250
219251
219252
219253
219254
219255
219256
219257
219258
219259
219260
219261
219262
219263
219264
219265
219266
219267
219268
219269
219270
219271
219272
219273
219274
219275
219276
219277
219278
219279
219280
219281
219282
219283
219284
219285
219286
219287
219288
219289
219290
219291
219292
219293
219294
219295
219296
219297
219298
219299
219300
219301
219302
219303
219304
219305
219306
219307
219308
219309
219310
219311
219312
219313
219314
219315
219316
219317
219318
219319
219320
219321
219322
219323
219324
219325
219326
219327
219328
219329
219330
219331
219332
219333
219334
219335
219336
219337
219338
219339
219340
219341
219342
219343
219344
219345
219346
219347
219348
219349
219350
304351
304352
304353
304354
304355
304356
304357
304358
304359
304360
304361
304362
304363
304364
304365
304366
304367
304368
304369
304370
304371
304372
304373
304374
304375
304376
304377
304378
304379
304380
304381
304382
304383
304384
304385
304386
304387
304388
304389
304390
304391
304392
304393
304394
304395
304396
304397
304398
304399
304400
304401
304402
304403
304404
304405
304406
304407
304408
304409
304410
304411
304412
304413
304414
304415
304416
304417
304418
304419
304420
304421
304422
304423
304424
304425
304426
304427
304428
304429
304430
304431
304432
304433
304434
304435
304436
304437
304438
304439
304440
304441
304442
304443
304444
304445
304446
304447
304448
304449
304450
304451
304452
304453
304454
304455
304456
304457
304458
304459
304460
304461
304462
304463
304464
304465
304466
304467
304468
304469
304470
304471
304472
304473
304474
304475
304476
304477
304478
304479
304480
304481
304482
304483
304484
304485
304486
304487
304488
304489
304490
304491
304492
304493
304494
304495
304496
304497
304498
304499
304500
304501
304502
304503
304504
304505
304506
304507
304508
304509
304510
304511
304512
304513
304514
304515
304516
304517
304518
304519
304520
304521
304522
304523
304524
304525
304526
304527
304528
304529
304530
304531
304532
304533
304534
304535
304536
304537
304538
304539
304540
304541
304542
304543
304544
304545
304546
304547
304548
304549
304550
304551
304552
304553
304554
304555
304556
304557
304558
304559
304560
304561
304562
304563
304564
304565
304566
304567
304568
304569
304570
304571
304572
304573
304574
304575
304576
304577
304578
304579
304580
304581
304582
304583
304584
304585
304586
304587
304588
304589
304590
304591
304592
304593
304594
304595
304596
304597
304598
304599
304600
304601
304602
304603
304604
304605
304606
304607
304608
304609
304610
304611
304612
304613
304614
304615
304616
304617
304618
304619
304620
304621
304622
304623
304624
304625
304626
304627
304628
304629
304630
304631
304632
304633
304634
304635
304636
304637
304638
304639
304640
304641
304642
304643
304644
304645
304646
304647
304648
304649
304650
304651
304652
304653
304654
304655
304656
304657
304658
304659
304660
304661
304662
304663
304664
304665
304666
304667
304668
304669
304670
304671
304672
304673
304674
304675
304676
304677
304678
304679
304680
304681
304682
304683
304684
304685
304686
304687
304688
304689
304690
304691
304692
304693
304694
304695
304696
304697
304698
304699
304700
304701
304702
304703
304704
304705
304706
304707
304708
304709
304710
304711
304712
304713
304714
304715
304716
304717
304718
304719
304720
304721
304722
304723
304724
304725
304726
304727
304728
304729
304730
304731
304732
304733
304734
304735
304736
304737
304738
304739
304740
304741
304742
304743
304744
304745
304746
304747
304748
304749
304750
304751
304752
304753
304754
304755
304756
304757
304758
304759
304760
304761
304762
304763
304764
304765
304766
304767
304768
304769
304770
304771
304772
304773
304774
304775
304776
304777
304778
304779
304780
304781
304782
304783
304784
304785
304786
304787
304788
304789
304790
304791
304792
304793
304794
304795
304796
304797
304798
304799
304800
304801
304802
304803
304804
304805
304806
304807
304808
304809
304810
304811
304812
304813
304814
304815
304816
304817
304818
304819
304820
304821
304822
304823
304824
304825
304826
304827
304828
304829
304830
304831
304832
304833
304834
304835
304836
304837
304838
304839
304840
304841
304842
304843
304844
304845
304846
304847
304848
304849
304850
304851
304852
304853
304854
304855
304856
304857
304858
304859
304860
304861
304862
304863
304864
304865
304866
304867
304868
304869
304870
304871
304872
304873
304874
304875
304876
304877
304878
304879
304880
304881
304882
304883
304884
304885
304886
304887
304888
304889
304890
304891
304892
304893
304894
304895
304896
304897
304898
304899
304900
304901
304902
304903
304904
304905
304906
304907
304908
304909
304910
304911
304912
304913
304914
304915
304916
304917
304918
304919
304920
304921
304922
304923
304924
304925
304926
304927
304928
304929
304930
304931
304932
304933
304934
304935
304936
304937
304938
304939
304940
304941
304942
304943
304944
304945
304946
304947
304948
304949
304950
304951
304952
304953
304954
304955
304956
304957
304958
304959
304960
304961
304962
304963
304964
304965
304966
304967
304968
304969
304970
304971
304972
304973
304974
304975
304976
304977
304978
304979
304980
304981
304982
304983
304984
304985
304986
304987
304988
304989
304990
304991
304992
304993
304994
304995
304996
304997
304998
304999
305000
305001
305002
305003
305004
305005
305006
305007
305008
305009
305010
305011
305012
305013
305014
305015
305016
305017
305018
305019
305020
305021
305022
305023
305024
305025
305026
305027
305028
305029
305030
305031
305032
305033
305034
305035
305036
305037
305038
305039
305040
305041
305042
305043
305044
305045
305046
305047
305048
305049
305050
305051
305052
305053
305054
305055
305056
305057
305058
305059
305060
305061
305062
305063
305064
305065
305066
305067
305068
305069
305070
305071
305072
305073
305074
305075
305076
305077
305078
305079
305080
305081
305082
305083
305084
305085
305086
305087
305088
305089
305090
305091
305092
305093
305094
305095
305096
305097
305098
305099
305100
305101
305102
305103
305104
305105
305106
305107
305108
305109
305110
305111
305112
305113
305114
305115
305116
305117
305118
305119
305120
305121
305122
305123
305124
305125
305126
305127
305128
305129
305130
305131
305132
305133
305134
305135
305136
305137
305138
305139
305140
305141
305142
305143
305144
305145
305146
305147
305148
305149
305150
305151
305152
305153
305154
305155
305156
305157
305158
305159
305160
305161
305162
305163
305164
305165
305166
305167
305168
305169
305170
305171
305172
305173
305174
305175
305176
305177
305178
305179
305180
305181
305182
305183
305184
305185
305186
305187
305188
305189
305190
305191
305192
305193
305194
305195
305196
305197
305198
305199
305200
305201
305202
305203
305204
305205
305206
305207
305208
305209
305210
305211
305212
305213
305214
305215
305216
305217
305218
305219
305220
305221
305222
305223
305224
305225
305226
305227
305228
305229
305230
305231
305232
305233
305234
305235
305236
305237
305238
305239
305240
305241
305242
305243
305244
305245
305246
305247
305248
305249
305250
305251
305252
305253
305254
305255
305256
305257
305258
305259
305260
305261
305262
305263
305264
305265
305266
305267
305268
305269
305270
305271
305272
305273
305274
305275
305276
305277
305278
305279
305280
305281
305282
305283
305284
305285
305286
305287
305288
305289
305290
305291
305292
305293
305294
305295
305296
305297
305298
305299
305300
305301
305302
305303
305304
305305
305306
305307
305308
305309
305310
305311
305312
305313
305314
305315
305316
305317
305318
305319
305320
305321
305322
305323
305324
305325
305326
305327
305328
305329
305330
305331
305332
305333
305334
305335
305336
305337
305338
305339
305340
305341
305342
305343
305344
305345
305346
305347
305348
305349
305350
305351
305352
305353
305354
305355
305356
305357
305358
305359
305360
305361
305362
305363
305364
305365
305366
305367
305368
305369
305370
305371
305372
305373
305374
305375
305376
305377
305378
305379
305380
305381
305382
305383
305384
305385
305386
305387
305388
305389
305390
305391
305392
305393
305394
305395
305396
305397
305398
305399
305400
305401
305402
305403
305404
305405
305406
305407
305408
305409
305410
305411
305412
305413
305414
305415
305416
305417
305418
305419
305420
305421
305422
305423
305424
305425
305426
305427
305428
305429
305430
305431
305432
305433
305434
305435
305436
305437
305438
305439
305440
305441
305442
305443
305444
305445
305446
305447
305448
305449
305450
305451
305452
305453
305454
305455
305456
305457
305458
305459
305460
305461
305462
305463
305464
305465
305466
305467
305468
305469
305470
305471
305472
305473
305474
305475
305476
305477
305478
305479
305480
305481
305482
305483
305484
305485
305486
305487
305488
305489
305490
305491
305492
305493
305494
305495
305496
305497
305498
305499
305500
305501
305502
305503
305504
305505
305506
305507
305508
305509
305510
305511
305512
305513
305514
305515
305516
305517
305518
305519
305520
305521
305522
305523
305524
305525
305526
305527
305528
305529
305530
305531
305532
305533
305534
305535
305536
305537
305538
305539
305540
305541
305542
305543
305544
305545
305546
305547
305548
305549
305550
305551
305552
305553
305554
305555
305556
305557
305558
305559
305560
305561
305562
305563
305564
305565
305566
305567
305568
305569
305570
305571
305572
305573
305574
305575
305576
305577
305578
305579
305580
305581
305582
305583
305584
305585
305586
305587
305588
305589
305590
305591
305592
305593
305594
305595
305596
305597
305598
305599
305600
305601
305602
305603
305604
305605
305606
305607
305608
305609
305610
305611
305612
305613
305614
305615
305616
305617
305618
305619
305620
305621
305622
305623
305624
305625
305626
305627
305628
305629
305630
305631
305632
305633
305634
305635
305636
305637
305638
305639
305640
305641
305642
305643
305644
305645
305646
305647
305648
305649
305650
305651
305652
305653
305654
305655
305656
305657
305658
305659
305660
305661
305662
305663
305664
305665
305666
305667
305668
305669
305670
305671
305672
305673
305674
305675
305676
305677
305678
305679
305680
305681
305682
305683
305684
305685
305686
305687
305688
305689
305690
305691
305692
305693
305694
305695
305696
305697
305698
305699
305700
305701
305702
305703
305704
305705
305706
305707
305708
305709
305710
305711
305712
305713
305714
305715
305716
305717
305718
305719
305720
305721
305722
305723
305724
305725
305726
305727
305728
305729
305730
305731
305732
305733
305734
305735
305736
305737
305738
305739
305740
305741
305742
305743
305744
305745
305746
305747
305748
305749
305750
305751
305752
305753
305754
305755
305756
305757
305758
305759
305760
305761
305762
305763
305764
305765
305766
305767
305768
305769
305770
305771
305772
305773
305774
305775
305776
305777
305778
305779
305780
305781
305782
305783
305784
305785
305786
305787
305788
305789
305790
305791
305792
305793
305794
305795
305796
305797
305798
305799
305800
305801
305802
305803
305804
305805
305806
305807
305808
305809
305810
305811
305812
305813
305814
305815
305816
305817
305818
305819
305820
305821
305822
305823
305824
305825
305826
305827
305828
305829
305830
305831
305832
305833
305834
305835
305836
305837
305838
305839
305840
305841
305842
305843
305844
305845
305846
305847
305848
305849
305850
305851
305852
305853
305854
305855
305856
305857
305858
305859
305860
305861
305862
305863
305864
305865
305866
305867
305868
305869
305870
305871
305872
305873
305874
305875
305876
305877
305878
305879
305880
305881
305882
305883
305884
305885
305886
305887
305888
305889
305890
305891
305892
305893
305894
305895
305896
305897
305898
305899
305900
305901
305902
305903
305904
305905
305906
305907
305908
305909
305910
305911
305912
305913
305914
305915
305916
305917
305918
305919
305920
305921
305922
305923
305924
305925
305926
305927
305928
305929
305930
305931
305932
305933
305934
305935
305936
305937
305938
305939
305940
305941
305942
305943
305944
305945
305946
305947
305948
305949
305950
305951
305952
305953
305954
305955
305956
305957
305958
305959
305960
305961
305962
305963
305964
305965
305966
305967
305968
305969
305970
305971
305972
305973
305974
305975
305976
305977
305978
305979
305980
305981
305982
305983
305984
305985
305986
305987
305988
305989
305990
305991
305992
305993
305994
305995
305996
305997
305998
305999
306000
306001
306002
306003
306004
306005
306006
306007
306008
306009
306010
306011
306012
306013
306014
306015
306016
306017
306018
306019
306020
306021
306022
306023
306024
306025
306026
306027
306028
306029
306030
306031
306032
306033
306034
306035
306036
306037
306038
306039
306040
306041
306042
306043
306044
306045
306046
306047
306048
306049
306050
306051
306052
306053
306054
306055
306056
306057
306058
306059
306060
306061
306062
306063
306064
306065
306066
306067
306068
306069
306070
306071
306072
306073
306074
306075
306076
306077
306078
306079
306080
306081
306082
306083
306084
306085
306086
306087
306088
306089
306090
306091
306092
306093
306094
306095
306096
306097
306098
306099
306100
306101
306102
306103
306104
306105
306106
306107
306108
306109
306110
306111
306112
306113
306114
306115
306116
306117
306118
306119
306120
306121
306122
306123
306124
306125
306126
306127
306128
306129
306130
306131
306132
306133
306134
306135
306136
306137
306138
306139
306140
306141
306142
306143
306144
306145
306146
306147
306148
306149
306150
306151
306152
306153
306154
306155
306156
306157
306158
306159
306160
306161
306162
306163
306164
306165
306166
306167
306168
306169
306170
306171
306172
306173
306174
306175
306176
306177
306178
306179
306180
306181
306182
306183
306184
306185
306186
306187
306188
306189
306190
306191
306192
306193
306194
306195
306196
306197
306198
306199
306200
306201
306202
306203
306204
306205
306206
306207
306208
306209
306210
306211
306212
306213
306214
306215
306216
306217
306218
306219
306220
306221
306222
306223
306224
306225
306226
306227
306228
306229
306230
306231
306232
306233
306234
306235
306236
306237
306238
306239
306240
306241
306242
306243
306244
306245
306246
306247
306248
306249
306250
306251
306252
306253
306254
306255
306256
306257
306258
306259
306260
306261
306262
306263
306264
306265
306266
306267
306268
306269
306270
306271
306272
306273
306274
306275
306276
306277
306278
306279
306280
306281
306282
306283
306284
306285
306286
306287
306288
306289
306290
306291
306292
306293
306294
306295
306296
306297
306298
306299
306300
306301
306302
306303
306304
306305
306306
306307
306308
306309
306310
306311
306312
306313
306314
306315
306316
306317
306318
306319
306320
306321
306322
306323
306324
306325
306326
306327
306328
306329
306330
306331
306332
306333
306334
306335
306336
306337
306338
306339
306340
306341
306342
306343
306344
306345
306346
306347
306348
306349
306350
306351
306352
306353
306354
306355
306356
306357
306358
306359
306360
306361
306362
306363
306364
306365
306366
306367
306368
306369
306370
306371
306372
306373
306374
306375
306376
306377
306378
306379
306380
306381
306382
306383
306384
306385
306386
306387
306388
306389
306390
306391
306392
306393
306394
306395
306396
306397
306398
306399
306400
306401
306402
306403
306404
306405
306406
306407
306408
306409
306410
306411
306412
306413
306414
306415
306416
306417
306418
306419
306420
306421
306422
306423
306424
306425
306426
306427
306428
306429
306430
306431
306432
306433
306434
306435
306436
306437
306438
306439
306440
306441
306442
306443
306444
306445
306446
306447
306448
306449
306450
306451
306452
306453
306454
306455
306456
306457
306458
306459
306460
306461
306462
306463
306464
306465
306466
306467
306468
306469
306470
306471
306472
306473
306474
306475
306476
306477
306478
306479
306480
306481
306482
306483
306484
306485
306486
306487
306488
306489
306490
306491
306492
306493
306494
306495
306496
306497
306498
306499
306500
306501
306502
306503
306504
306505
306506
306507
306508
306509
306510
306511
306512
306513
306514
306515
306516
306517
306518
306519
306520
306521
306522
306523
306524
306525
306526
306527
306528
306529
306530
306531
306532
306533
306534
306535
306536
306537
306538
306539
306540
306541
306542
306543
306544
306545
306546
306547
306548
306549
306550
306551
306552
306553
306554
306555
306556
306557
306558
306559
306560
306561
306562
306563
306564
306565
306566
306567
306568
306569
306570
306571
306572
306573
306574
306575
306576
306577
306578
306579
306580
306581
306582
306583
306584
306585
306586
306587
306588
306589
306590
306591
306592
306593
306594
306595
306596
306597
306598
306599
306600
306601
306602
306603
306604
306605
306606
306607
306608
306609
306610
306611
306612
306613
306614
306615
306616
306617
306618
306619
306620
306621
306622
306623
306624
306625
306626
306627
306628
306629
306630
306631
306632
306633
306634
306635
306636
306637
306638
306639
306640
306641
306642
306643
306644
306645
306646
306647
306648
306649
306650
306651
306652
306653
306654
306655
306656
306657
306658
306659
306660
306661
306662
306663
306664
306665
306666
306667
306668
306669
306670
306671
306672
306673
306674
306675
306676
306677
306678
306679
306680
306681
306682
306683
306684
306685
306686
306687
306688
306689
306690
306691
306692
306693
306694
306695
306696
306697
306698
306699
306700
306701
306702
306703
306704
306705
306706
306707
306708
306709
306710
306711
306712
306713
306714
306715
306716
306717
306718
306719
306720
306721
306722
306723
306724
306725
306726
306727
306728
306729
306730
306731
306732
306733
306734
306735
306736
306737
306738
306739
306740
306741
306742
306743
306744
306745
306746
306747
306748
306749
306750
306751
306752
306753
306754
306755
306756
306757
306758
306759
306760
306761
306762
306763
306764
306765
306766
306767
306768
306769
306770
306771
306772
306773
306774
306775
306776
306777
306778
306779
306780
306781
306782
306783
306784
306785
306786
306787
306788
306789
306790
306791
306792
306793
306794
306795
306796
306797
306798
306799
306800
306801
306802
306803
306804
306805
306806
306807
306808
306809
306810
306811
306812
306813
306814
306815
306816
306817
306818
306819
306820
306821
306822
306823
306824
306825
306826
306827
306828
306829
306830
306831
306832
306833
306834
306835
306836
306837
306838
306839
306840
306841
306842
306843
306844
306845
306846
306847
306848
306849
306850
84900
85000
85100
85200
85300
85400
85500
85600
85700
85800
85900
86000
86100
86200
86300
86400
86500
86600
86700
86800
86900
87000
87100
87200
87300
87400
87500
87600
87700
87800
87900
88000
88100
88200
88300
88400
88500
88600
88700
88800
88900
89000
89100
89200
89300
89400
89500
89600
89700
89799
89702
89704
89706
89708
89710
89712
89714
89716
89718
89720
89722
89724
89726
89728
89730
89732
89734
89736
89738
89740
89742
89744
89746
89748
89750
89752
89754
89756
89758
89760
89762
89764
89766
89768
89770
89772
89774
89776
89778
89780
89782
89784
89786
89788
89790
89792
89794
89796
89798
89800
-79900
-80000
-80100
-80200
-80300
-80400
-80500
-80600
-80700
-80800
-80900
-81000
-81100
-81200
-81300
-81400
-81500
-81600
-81700
-81800
-81900
-82000
-82100
-82200
-82300
-82400
-82500
-82600
-82700
-82800
-82900
-83000
-83100
-83200
-83300
-83400
-83500
-83600
-83700
-83800
-83900
-84000
-84100
-84200
-84300
-84400
-84500
-84600
-84700
-84799
-69752
-69754
-69756
-69758
-69760
-69762
-69764
-69766
-69768
-69770
-69772
-69774
-69776
-69778
-69780
-69782
-69784
-69786
-69788
-69790
-69792
-69794
-69796
-69798
-69800
-69802
-69804
-69806
-69808
-69810
-69812
-69814
-69816
-69818
-69820
-69822
-69824
-69826
-69828
-69830
-69832
-69834
-69836
-69838
-69840
-69842
-69844
-69846
-69848
-69850
)


// ************************************************************************* //
