/*--------------------------------*- C++ -*----------------------------------*\
| =========                 |                                                 |
| \\      /  F ield         | OpenFOAM: The Open Source CFD Toolbox           |
|  \\    /   O peration     | Version:  v1906                                 |
|   \\  /    A nd           | Web:      www.OpenFOAM.com                      |
|    \\/     M anipulation  |                                                 |
\*---------------------------------------------------------------------------*/
FoamFile
{
    version     2.0;
    format      ascii;
    class       labelList;
    location    "constant/adh16/polyMesh";
    object      faceRegionAddressing;
}
// * * * * * * * * * * * * * * * * * * * * * * * * * * * * * * * * * * * * * //


10100
(
79801
79802
79803
79804
79805
79806
79807
79808
79809
79810
79811
79812
79813
79814
79815
79816
79817
79818
79819
79820
79821
79822
79823
79824
79825
79826
79827
79828
79829
79830
79831
79832
79833
79834
79835
79836
79837
79838
79839
79840
79841
79842
79843
79844
79845
79846
79847
79848
79849
79850
79851
79852
79853
79854
79855
79856
79857
79858
79859
79860
79861
79862
79863
79864
79865
79866
79867
79868
79869
79870
79871
79872
79873
79874
79875
79876
79877
79878
79879
79880
79881
79882
79883
79884
79885
79886
79887
79888
79889
79890
79891
79892
79893
79894
79895
79896
79897
79898
79899
79901
79902
79903
79904
79905
79906
79907
79908
79909
79910
79911
79912
79913
79914
79915
79916
79917
79918
79919
79920
79921
79922
79923
79924
79925
79926
79927
79928
79929
79930
79931
79932
79933
79934
79935
79936
79937
79938
79939
79940
79941
79942
79943
79944
79945
79946
79947
79948
79949
79950
79951
79952
79953
79954
79955
79956
79957
79958
79959
79960
79961
79962
79963
79964
79965
79966
79967
79968
79969
79970
79971
79972
79973
79974
79975
79976
79977
79978
79979
79980
79981
79982
79983
79984
79985
79986
79987
79988
79989
79990
79991
79992
79993
79994
79995
79996
79997
79998
79999
80001
80002
80003
80004
80005
80006
80007
80008
80009
80010
80011
80012
80013
80014
80015
80016
80017
80018
80019
80020
80021
80022
80023
80024
80025
80026
80027
80028
80029
80030
80031
80032
80033
80034
80035
80036
80037
80038
80039
80040
80041
80042
80043
80044
80045
80046
80047
80048
80049
80050
80051
80052
80053
80054
80055
80056
80057
80058
80059
80060
80061
80062
80063
80064
80065
80066
80067
80068
80069
80070
80071
80072
80073
80074
80075
80076
80077
80078
80079
80080
80081
80082
80083
80084
80085
80086
80087
80088
80089
80090
80091
80092
80093
80094
80095
80096
80097
80098
80099
80101
80102
80103
80104
80105
80106
80107
80108
80109
80110
80111
80112
80113
80114
80115
80116
80117
80118
80119
80120
80121
80122
80123
80124
80125
80126
80127
80128
80129
80130
80131
80132
80133
80134
80135
80136
80137
80138
80139
80140
80141
80142
80143
80144
80145
80146
80147
80148
80149
80150
80151
80152
80153
80154
80155
80156
80157
80158
80159
80160
80161
80162
80163
80164
80165
80166
80167
80168
80169
80170
80171
80172
80173
80174
80175
80176
80177
80178
80179
80180
80181
80182
80183
80184
80185
80186
80187
80188
80189
80190
80191
80192
80193
80194
80195
80196
80197
80198
80199
80201
80202
80203
80204
80205
80206
80207
80208
80209
80210
80211
80212
80213
80214
80215
80216
80217
80218
80219
80220
80221
80222
80223
80224
80225
80226
80227
80228
80229
80230
80231
80232
80233
80234
80235
80236
80237
80238
80239
80240
80241
80242
80243
80244
80245
80246
80247
80248
80249
80250
80251
80252
80253
80254
80255
80256
80257
80258
80259
80260
80261
80262
80263
80264
80265
80266
80267
80268
80269
80270
80271
80272
80273
80274
80275
80276
80277
80278
80279
80280
80281
80282
80283
80284
80285
80286
80287
80288
80289
80290
80291
80292
80293
80294
80295
80296
80297
80298
80299
80301
80302
80303
80304
80305
80306
80307
80308
80309
80310
80311
80312
80313
80314
80315
80316
80317
80318
80319
80320
80321
80322
80323
80324
80325
80326
80327
80328
80329
80330
80331
80332
80333
80334
80335
80336
80337
80338
80339
80340
80341
80342
80343
80344
80345
80346
80347
80348
80349
80350
80351
80352
80353
80354
80355
80356
80357
80358
80359
80360
80361
80362
80363
80364
80365
80366
80367
80368
80369
80370
80371
80372
80373
80374
80375
80376
80377
80378
80379
80380
80381
80382
80383
80384
80385
80386
80387
80388
80389
80390
80391
80392
80393
80394
80395
80396
80397
80398
80399
80401
80402
80403
80404
80405
80406
80407
80408
80409
80410
80411
80412
80413
80414
80415
80416
80417
80418
80419
80420
80421
80422
80423
80424
80425
80426
80427
80428
80429
80430
80431
80432
80433
80434
80435
80436
80437
80438
80439
80440
80441
80442
80443
80444
80445
80446
80447
80448
80449
80450
80451
80452
80453
80454
80455
80456
80457
80458
80459
80460
80461
80462
80463
80464
80465
80466
80467
80468
80469
80470
80471
80472
80473
80474
80475
80476
80477
80478
80479
80480
80481
80482
80483
80484
80485
80486
80487
80488
80489
80490
80491
80492
80493
80494
80495
80496
80497
80498
80499
80501
80502
80503
80504
80505
80506
80507
80508
80509
80510
80511
80512
80513
80514
80515
80516
80517
80518
80519
80520
80521
80522
80523
80524
80525
80526
80527
80528
80529
80530
80531
80532
80533
80534
80535
80536
80537
80538
80539
80540
80541
80542
80543
80544
80545
80546
80547
80548
80549
80550
80551
80552
80553
80554
80555
80556
80557
80558
80559
80560
80561
80562
80563
80564
80565
80566
80567
80568
80569
80570
80571
80572
80573
80574
80575
80576
80577
80578
80579
80580
80581
80582
80583
80584
80585
80586
80587
80588
80589
80590
80591
80592
80593
80594
80595
80596
80597
80598
80599
80601
80602
80603
80604
80605
80606
80607
80608
80609
80610
80611
80612
80613
80614
80615
80616
80617
80618
80619
80620
80621
80622
80623
80624
80625
80626
80627
80628
80629
80630
80631
80632
80633
80634
80635
80636
80637
80638
80639
80640
80641
80642
80643
80644
80645
80646
80647
80648
80649
80650
80651
80652
80653
80654
80655
80656
80657
80658
80659
80660
80661
80662
80663
80664
80665
80666
80667
80668
80669
80670
80671
80672
80673
80674
80675
80676
80677
80678
80679
80680
80681
80682
80683
80684
80685
80686
80687
80688
80689
80690
80691
80692
80693
80694
80695
80696
80697
80698
80699
80701
80702
80703
80704
80705
80706
80707
80708
80709
80710
80711
80712
80713
80714
80715
80716
80717
80718
80719
80720
80721
80722
80723
80724
80725
80726
80727
80728
80729
80730
80731
80732
80733
80734
80735
80736
80737
80738
80739
80740
80741
80742
80743
80744
80745
80746
80747
80748
80749
80750
80751
80752
80753
80754
80755
80756
80757
80758
80759
80760
80761
80762
80763
80764
80765
80766
80767
80768
80769
80770
80771
80772
80773
80774
80775
80776
80777
80778
80779
80780
80781
80782
80783
80784
80785
80786
80787
80788
80789
80790
80791
80792
80793
80794
80795
80796
80797
80798
80799
80801
80802
80803
80804
80805
80806
80807
80808
80809
80810
80811
80812
80813
80814
80815
80816
80817
80818
80819
80820
80821
80822
80823
80824
80825
80826
80827
80828
80829
80830
80831
80832
80833
80834
80835
80836
80837
80838
80839
80840
80841
80842
80843
80844
80845
80846
80847
80848
80849
80850
80851
80852
80853
80854
80855
80856
80857
80858
80859
80860
80861
80862
80863
80864
80865
80866
80867
80868
80869
80870
80871
80872
80873
80874
80875
80876
80877
80878
80879
80880
80881
80882
80883
80884
80885
80886
80887
80888
80889
80890
80891
80892
80893
80894
80895
80896
80897
80898
80899
80901
80902
80903
80904
80905
80906
80907
80908
80909
80910
80911
80912
80913
80914
80915
80916
80917
80918
80919
80920
80921
80922
80923
80924
80925
80926
80927
80928
80929
80930
80931
80932
80933
80934
80935
80936
80937
80938
80939
80940
80941
80942
80943
80944
80945
80946
80947
80948
80949
80950
80951
80952
80953
80954
80955
80956
80957
80958
80959
80960
80961
80962
80963
80964
80965
80966
80967
80968
80969
80970
80971
80972
80973
80974
80975
80976
80977
80978
80979
80980
80981
80982
80983
80984
80985
80986
80987
80988
80989
80990
80991
80992
80993
80994
80995
80996
80997
80998
80999
81001
81002
81003
81004
81005
81006
81007
81008
81009
81010
81011
81012
81013
81014
81015
81016
81017
81018
81019
81020
81021
81022
81023
81024
81025
81026
81027
81028
81029
81030
81031
81032
81033
81034
81035
81036
81037
81038
81039
81040
81041
81042
81043
81044
81045
81046
81047
81048
81049
81050
81051
81052
81053
81054
81055
81056
81057
81058
81059
81060
81061
81062
81063
81064
81065
81066
81067
81068
81069
81070
81071
81072
81073
81074
81075
81076
81077
81078
81079
81080
81081
81082
81083
81084
81085
81086
81087
81088
81089
81090
81091
81092
81093
81094
81095
81096
81097
81098
81099
81101
81102
81103
81104
81105
81106
81107
81108
81109
81110
81111
81112
81113
81114
81115
81116
81117
81118
81119
81120
81121
81122
81123
81124
81125
81126
81127
81128
81129
81130
81131
81132
81133
81134
81135
81136
81137
81138
81139
81140
81141
81142
81143
81144
81145
81146
81147
81148
81149
81150
81151
81152
81153
81154
81155
81156
81157
81158
81159
81160
81161
81162
81163
81164
81165
81166
81167
81168
81169
81170
81171
81172
81173
81174
81175
81176
81177
81178
81179
81180
81181
81182
81183
81184
81185
81186
81187
81188
81189
81190
81191
81192
81193
81194
81195
81196
81197
81198
81199
81201
81202
81203
81204
81205
81206
81207
81208
81209
81210
81211
81212
81213
81214
81215
81216
81217
81218
81219
81220
81221
81222
81223
81224
81225
81226
81227
81228
81229
81230
81231
81232
81233
81234
81235
81236
81237
81238
81239
81240
81241
81242
81243
81244
81245
81246
81247
81248
81249
81250
81251
81252
81253
81254
81255
81256
81257
81258
81259
81260
81261
81262
81263
81264
81265
81266
81267
81268
81269
81270
81271
81272
81273
81274
81275
81276
81277
81278
81279
81280
81281
81282
81283
81284
81285
81286
81287
81288
81289
81290
81291
81292
81293
81294
81295
81296
81297
81298
81299
81301
81302
81303
81304
81305
81306
81307
81308
81309
81310
81311
81312
81313
81314
81315
81316
81317
81318
81319
81320
81321
81322
81323
81324
81325
81326
81327
81328
81329
81330
81331
81332
81333
81334
81335
81336
81337
81338
81339
81340
81341
81342
81343
81344
81345
81346
81347
81348
81349
81350
81351
81352
81353
81354
81355
81356
81357
81358
81359
81360
81361
81362
81363
81364
81365
81366
81367
81368
81369
81370
81371
81372
81373
81374
81375
81376
81377
81378
81379
81380
81381
81382
81383
81384
81385
81386
81387
81388
81389
81390
81391
81392
81393
81394
81395
81396
81397
81398
81399
81401
81402
81403
81404
81405
81406
81407
81408
81409
81410
81411
81412
81413
81414
81415
81416
81417
81418
81419
81420
81421
81422
81423
81424
81425
81426
81427
81428
81429
81430
81431
81432
81433
81434
81435
81436
81437
81438
81439
81440
81441
81442
81443
81444
81445
81446
81447
81448
81449
81450
81451
81452
81453
81454
81455
81456
81457
81458
81459
81460
81461
81462
81463
81464
81465
81466
81467
81468
81469
81470
81471
81472
81473
81474
81475
81476
81477
81478
81479
81480
81481
81482
81483
81484
81485
81486
81487
81488
81489
81490
81491
81492
81493
81494
81495
81496
81497
81498
81499
81501
81502
81503
81504
81505
81506
81507
81508
81509
81510
81511
81512
81513
81514
81515
81516
81517
81518
81519
81520
81521
81522
81523
81524
81525
81526
81527
81528
81529
81530
81531
81532
81533
81534
81535
81536
81537
81538
81539
81540
81541
81542
81543
81544
81545
81546
81547
81548
81549
81550
81551
81552
81553
81554
81555
81556
81557
81558
81559
81560
81561
81562
81563
81564
81565
81566
81567
81568
81569
81570
81571
81572
81573
81574
81575
81576
81577
81578
81579
81580
81581
81582
81583
81584
81585
81586
81587
81588
81589
81590
81591
81592
81593
81594
81595
81596
81597
81598
81599
81601
81602
81603
81604
81605
81606
81607
81608
81609
81610
81611
81612
81613
81614
81615
81616
81617
81618
81619
81620
81621
81622
81623
81624
81625
81626
81627
81628
81629
81630
81631
81632
81633
81634
81635
81636
81637
81638
81639
81640
81641
81642
81643
81644
81645
81646
81647
81648
81649
81650
81651
81652
81653
81654
81655
81656
81657
81658
81659
81660
81661
81662
81663
81664
81665
81666
81667
81668
81669
81670
81671
81672
81673
81674
81675
81676
81677
81678
81679
81680
81681
81682
81683
81684
81685
81686
81687
81688
81689
81690
81691
81692
81693
81694
81695
81696
81697
81698
81699
81701
81702
81703
81704
81705
81706
81707
81708
81709
81710
81711
81712
81713
81714
81715
81716
81717
81718
81719
81720
81721
81722
81723
81724
81725
81726
81727
81728
81729
81730
81731
81732
81733
81734
81735
81736
81737
81738
81739
81740
81741
81742
81743
81744
81745
81746
81747
81748
81749
81750
81751
81752
81753
81754
81755
81756
81757
81758
81759
81760
81761
81762
81763
81764
81765
81766
81767
81768
81769
81770
81771
81772
81773
81774
81775
81776
81777
81778
81779
81780
81781
81782
81783
81784
81785
81786
81787
81788
81789
81790
81791
81792
81793
81794
81795
81796
81797
81798
81799
81801
81802
81803
81804
81805
81806
81807
81808
81809
81810
81811
81812
81813
81814
81815
81816
81817
81818
81819
81820
81821
81822
81823
81824
81825
81826
81827
81828
81829
81830
81831
81832
81833
81834
81835
81836
81837
81838
81839
81840
81841
81842
81843
81844
81845
81846
81847
81848
81849
81850
81851
81852
81853
81854
81855
81856
81857
81858
81859
81860
81861
81862
81863
81864
81865
81866
81867
81868
81869
81870
81871
81872
81873
81874
81875
81876
81877
81878
81879
81880
81881
81882
81883
81884
81885
81886
81887
81888
81889
81890
81891
81892
81893
81894
81895
81896
81897
81898
81899
81901
81902
81903
81904
81905
81906
81907
81908
81909
81910
81911
81912
81913
81914
81915
81916
81917
81918
81919
81920
81921
81922
81923
81924
81925
81926
81927
81928
81929
81930
81931
81932
81933
81934
81935
81936
81937
81938
81939
81940
81941
81942
81943
81944
81945
81946
81947
81948
81949
81950
81951
81952
81953
81954
81955
81956
81957
81958
81959
81960
81961
81962
81963
81964
81965
81966
81967
81968
81969
81970
81971
81972
81973
81974
81975
81976
81977
81978
81979
81980
81981
81982
81983
81984
81985
81986
81987
81988
81989
81990
81991
81992
81993
81994
81995
81996
81997
81998
81999
82001
82002
82003
82004
82005
82006
82007
82008
82009
82010
82011
82012
82013
82014
82015
82016
82017
82018
82019
82020
82021
82022
82023
82024
82025
82026
82027
82028
82029
82030
82031
82032
82033
82034
82035
82036
82037
82038
82039
82040
82041
82042
82043
82044
82045
82046
82047
82048
82049
82050
82051
82052
82053
82054
82055
82056
82057
82058
82059
82060
82061
82062
82063
82064
82065
82066
82067
82068
82069
82070
82071
82072
82073
82074
82075
82076
82077
82078
82079
82080
82081
82082
82083
82084
82085
82086
82087
82088
82089
82090
82091
82092
82093
82094
82095
82096
82097
82098
82099
82101
82102
82103
82104
82105
82106
82107
82108
82109
82110
82111
82112
82113
82114
82115
82116
82117
82118
82119
82120
82121
82122
82123
82124
82125
82126
82127
82128
82129
82130
82131
82132
82133
82134
82135
82136
82137
82138
82139
82140
82141
82142
82143
82144
82145
82146
82147
82148
82149
82150
82151
82152
82153
82154
82155
82156
82157
82158
82159
82160
82161
82162
82163
82164
82165
82166
82167
82168
82169
82170
82171
82172
82173
82174
82175
82176
82177
82178
82179
82180
82181
82182
82183
82184
82185
82186
82187
82188
82189
82190
82191
82192
82193
82194
82195
82196
82197
82198
82199
82201
82202
82203
82204
82205
82206
82207
82208
82209
82210
82211
82212
82213
82214
82215
82216
82217
82218
82219
82220
82221
82222
82223
82224
82225
82226
82227
82228
82229
82230
82231
82232
82233
82234
82235
82236
82237
82238
82239
82240
82241
82242
82243
82244
82245
82246
82247
82248
82249
82250
82251
82252
82253
82254
82255
82256
82257
82258
82259
82260
82261
82262
82263
82264
82265
82266
82267
82268
82269
82270
82271
82272
82273
82274
82275
82276
82277
82278
82279
82280
82281
82282
82283
82284
82285
82286
82287
82288
82289
82290
82291
82292
82293
82294
82295
82296
82297
82298
82299
82301
82302
82303
82304
82305
82306
82307
82308
82309
82310
82311
82312
82313
82314
82315
82316
82317
82318
82319
82320
82321
82322
82323
82324
82325
82326
82327
82328
82329
82330
82331
82332
82333
82334
82335
82336
82337
82338
82339
82340
82341
82342
82343
82344
82345
82346
82347
82348
82349
82350
82351
82352
82353
82354
82355
82356
82357
82358
82359
82360
82361
82362
82363
82364
82365
82366
82367
82368
82369
82370
82371
82372
82373
82374
82375
82376
82377
82378
82379
82380
82381
82382
82383
82384
82385
82386
82387
82388
82389
82390
82391
82392
82393
82394
82395
82396
82397
82398
82399
82401
82402
82403
82404
82405
82406
82407
82408
82409
82410
82411
82412
82413
82414
82415
82416
82417
82418
82419
82420
82421
82422
82423
82424
82425
82426
82427
82428
82429
82430
82431
82432
82433
82434
82435
82436
82437
82438
82439
82440
82441
82442
82443
82444
82445
82446
82447
82448
82449
82450
82451
82452
82453
82454
82455
82456
82457
82458
82459
82460
82461
82462
82463
82464
82465
82466
82467
82468
82469
82470
82471
82472
82473
82474
82475
82476
82477
82478
82479
82480
82481
82482
82483
82484
82485
82486
82487
82488
82489
82490
82491
82492
82493
82494
82495
82496
82497
82498
82499
82501
82502
82503
82504
82505
82506
82507
82508
82509
82510
82511
82512
82513
82514
82515
82516
82517
82518
82519
82520
82521
82522
82523
82524
82525
82526
82527
82528
82529
82530
82531
82532
82533
82534
82535
82536
82537
82538
82539
82540
82541
82542
82543
82544
82545
82546
82547
82548
82549
82550
82551
82552
82553
82554
82555
82556
82557
82558
82559
82560
82561
82562
82563
82564
82565
82566
82567
82568
82569
82570
82571
82572
82573
82574
82575
82576
82577
82578
82579
82580
82581
82582
82583
82584
82585
82586
82587
82588
82589
82590
82591
82592
82593
82594
82595
82596
82597
82598
82599
82601
82602
82603
82604
82605
82606
82607
82608
82609
82610
82611
82612
82613
82614
82615
82616
82617
82618
82619
82620
82621
82622
82623
82624
82625
82626
82627
82628
82629
82630
82631
82632
82633
82634
82635
82636
82637
82638
82639
82640
82641
82642
82643
82644
82645
82646
82647
82648
82649
82650
82651
82652
82653
82654
82655
82656
82657
82658
82659
82660
82661
82662
82663
82664
82665
82666
82667
82668
82669
82670
82671
82672
82673
82674
82675
82676
82677
82678
82679
82680
82681
82682
82683
82684
82685
82686
82687
82688
82689
82690
82691
82692
82693
82694
82695
82696
82697
82698
82699
82701
82702
82703
82704
82705
82706
82707
82708
82709
82710
82711
82712
82713
82714
82715
82716
82717
82718
82719
82720
82721
82722
82723
82724
82725
82726
82727
82728
82729
82730
82731
82732
82733
82734
82735
82736
82737
82738
82739
82740
82741
82742
82743
82744
82745
82746
82747
82748
82749
82750
82751
82752
82753
82754
82755
82756
82757
82758
82759
82760
82761
82762
82763
82764
82765
82766
82767
82768
82769
82770
82771
82772
82773
82774
82775
82776
82777
82778
82779
82780
82781
82782
82783
82784
82785
82786
82787
82788
82789
82790
82791
82792
82793
82794
82795
82796
82797
82798
82799
82801
82802
82803
82804
82805
82806
82807
82808
82809
82810
82811
82812
82813
82814
82815
82816
82817
82818
82819
82820
82821
82822
82823
82824
82825
82826
82827
82828
82829
82830
82831
82832
82833
82834
82835
82836
82837
82838
82839
82840
82841
82842
82843
82844
82845
82846
82847
82848
82849
82850
82851
82852
82853
82854
82855
82856
82857
82858
82859
82860
82861
82862
82863
82864
82865
82866
82867
82868
82869
82870
82871
82872
82873
82874
82875
82876
82877
82878
82879
82880
82881
82882
82883
82884
82885
82886
82887
82888
82889
82890
82891
82892
82893
82894
82895
82896
82897
82898
82899
82901
82902
82903
82904
82905
82906
82907
82908
82909
82910
82911
82912
82913
82914
82915
82916
82917
82918
82919
82920
82921
82922
82923
82924
82925
82926
82927
82928
82929
82930
82931
82932
82933
82934
82935
82936
82937
82938
82939
82940
82941
82942
82943
82944
82945
82946
82947
82948
82949
82950
82951
82952
82953
82954
82955
82956
82957
82958
82959
82960
82961
82962
82963
82964
82965
82966
82967
82968
82969
82970
82971
82972
82973
82974
82975
82976
82977
82978
82979
82980
82981
82982
82983
82984
82985
82986
82987
82988
82989
82990
82991
82992
82993
82994
82995
82996
82997
82998
82999
83001
83002
83003
83004
83005
83006
83007
83008
83009
83010
83011
83012
83013
83014
83015
83016
83017
83018
83019
83020
83021
83022
83023
83024
83025
83026
83027
83028
83029
83030
83031
83032
83033
83034
83035
83036
83037
83038
83039
83040
83041
83042
83043
83044
83045
83046
83047
83048
83049
83050
83051
83052
83053
83054
83055
83056
83057
83058
83059
83060
83061
83062
83063
83064
83065
83066
83067
83068
83069
83070
83071
83072
83073
83074
83075
83076
83077
83078
83079
83080
83081
83082
83083
83084
83085
83086
83087
83088
83089
83090
83091
83092
83093
83094
83095
83096
83097
83098
83099
83101
83102
83103
83104
83105
83106
83107
83108
83109
83110
83111
83112
83113
83114
83115
83116
83117
83118
83119
83120
83121
83122
83123
83124
83125
83126
83127
83128
83129
83130
83131
83132
83133
83134
83135
83136
83137
83138
83139
83140
83141
83142
83143
83144
83145
83146
83147
83148
83149
83150
83151
83152
83153
83154
83155
83156
83157
83158
83159
83160
83161
83162
83163
83164
83165
83166
83167
83168
83169
83170
83171
83172
83173
83174
83175
83176
83177
83178
83179
83180
83181
83182
83183
83184
83185
83186
83187
83188
83189
83190
83191
83192
83193
83194
83195
83196
83197
83198
83199
83201
83202
83203
83204
83205
83206
83207
83208
83209
83210
83211
83212
83213
83214
83215
83216
83217
83218
83219
83220
83221
83222
83223
83224
83225
83226
83227
83228
83229
83230
83231
83232
83233
83234
83235
83236
83237
83238
83239
83240
83241
83242
83243
83244
83245
83246
83247
83248
83249
83250
83251
83252
83253
83254
83255
83256
83257
83258
83259
83260
83261
83262
83263
83264
83265
83266
83267
83268
83269
83270
83271
83272
83273
83274
83275
83276
83277
83278
83279
83280
83281
83282
83283
83284
83285
83286
83287
83288
83289
83290
83291
83292
83293
83294
83295
83296
83297
83298
83299
83301
83302
83303
83304
83305
83306
83307
83308
83309
83310
83311
83312
83313
83314
83315
83316
83317
83318
83319
83320
83321
83322
83323
83324
83325
83326
83327
83328
83329
83330
83331
83332
83333
83334
83335
83336
83337
83338
83339
83340
83341
83342
83343
83344
83345
83346
83347
83348
83349
83350
83351
83352
83353
83354
83355
83356
83357
83358
83359
83360
83361
83362
83363
83364
83365
83366
83367
83368
83369
83370
83371
83372
83373
83374
83375
83376
83377
83378
83379
83380
83381
83382
83383
83384
83385
83386
83387
83388
83389
83390
83391
83392
83393
83394
83395
83396
83397
83398
83399
83401
83402
83403
83404
83405
83406
83407
83408
83409
83410
83411
83412
83413
83414
83415
83416
83417
83418
83419
83420
83421
83422
83423
83424
83425
83426
83427
83428
83429
83430
83431
83432
83433
83434
83435
83436
83437
83438
83439
83440
83441
83442
83443
83444
83445
83446
83447
83448
83449
83450
83451
83452
83453
83454
83455
83456
83457
83458
83459
83460
83461
83462
83463
83464
83465
83466
83467
83468
83469
83470
83471
83472
83473
83474
83475
83476
83477
83478
83479
83480
83481
83482
83483
83484
83485
83486
83487
83488
83489
83490
83491
83492
83493
83494
83495
83496
83497
83498
83499
83501
83502
83503
83504
83505
83506
83507
83508
83509
83510
83511
83512
83513
83514
83515
83516
83517
83518
83519
83520
83521
83522
83523
83524
83525
83526
83527
83528
83529
83530
83531
83532
83533
83534
83535
83536
83537
83538
83539
83540
83541
83542
83543
83544
83545
83546
83547
83548
83549
83550
83551
83552
83553
83554
83555
83556
83557
83558
83559
83560
83561
83562
83563
83564
83565
83566
83567
83568
83569
83570
83571
83572
83573
83574
83575
83576
83577
83578
83579
83580
83581
83582
83583
83584
83585
83586
83587
83588
83589
83590
83591
83592
83593
83594
83595
83596
83597
83598
83599
83601
83602
83603
83604
83605
83606
83607
83608
83609
83610
83611
83612
83613
83614
83615
83616
83617
83618
83619
83620
83621
83622
83623
83624
83625
83626
83627
83628
83629
83630
83631
83632
83633
83634
83635
83636
83637
83638
83639
83640
83641
83642
83643
83644
83645
83646
83647
83648
83649
83650
83651
83652
83653
83654
83655
83656
83657
83658
83659
83660
83661
83662
83663
83664
83665
83666
83667
83668
83669
83670
83671
83672
83673
83674
83675
83676
83677
83678
83679
83680
83681
83682
83683
83684
83685
83686
83687
83688
83689
83690
83691
83692
83693
83694
83695
83696
83697
83698
83699
83701
83702
83703
83704
83705
83706
83707
83708
83709
83710
83711
83712
83713
83714
83715
83716
83717
83718
83719
83720
83721
83722
83723
83724
83725
83726
83727
83728
83729
83730
83731
83732
83733
83734
83735
83736
83737
83738
83739
83740
83741
83742
83743
83744
83745
83746
83747
83748
83749
83750
83751
83752
83753
83754
83755
83756
83757
83758
83759
83760
83761
83762
83763
83764
83765
83766
83767
83768
83769
83770
83771
83772
83773
83774
83775
83776
83777
83778
83779
83780
83781
83782
83783
83784
83785
83786
83787
83788
83789
83790
83791
83792
83793
83794
83795
83796
83797
83798
83799
83801
83802
83803
83804
83805
83806
83807
83808
83809
83810
83811
83812
83813
83814
83815
83816
83817
83818
83819
83820
83821
83822
83823
83824
83825
83826
83827
83828
83829
83830
83831
83832
83833
83834
83835
83836
83837
83838
83839
83840
83841
83842
83843
83844
83845
83846
83847
83848
83849
83850
83851
83852
83853
83854
83855
83856
83857
83858
83859
83860
83861
83862
83863
83864
83865
83866
83867
83868
83869
83870
83871
83872
83873
83874
83875
83876
83877
83878
83879
83880
83881
83882
83883
83884
83885
83886
83887
83888
83889
83890
83891
83892
83893
83894
83895
83896
83897
83898
83899
83901
83902
83903
83904
83905
83906
83907
83908
83909
83910
83911
83912
83913
83914
83915
83916
83917
83918
83919
83920
83921
83922
83923
83924
83925
83926
83927
83928
83929
83930
83931
83932
83933
83934
83935
83936
83937
83938
83939
83940
83941
83942
83943
83944
83945
83946
83947
83948
83949
83950
83951
83952
83953
83954
83955
83956
83957
83958
83959
83960
83961
83962
83963
83964
83965
83966
83967
83968
83969
83970
83971
83972
83973
83974
83975
83976
83977
83978
83979
83980
83981
83982
83983
83984
83985
83986
83987
83988
83989
83990
83991
83992
83993
83994
83995
83996
83997
83998
83999
84001
84002
84003
84004
84005
84006
84007
84008
84009
84010
84011
84012
84013
84014
84015
84016
84017
84018
84019
84020
84021
84022
84023
84024
84025
84026
84027
84028
84029
84030
84031
84032
84033
84034
84035
84036
84037
84038
84039
84040
84041
84042
84043
84044
84045
84046
84047
84048
84049
84050
84051
84052
84053
84054
84055
84056
84057
84058
84059
84060
84061
84062
84063
84064
84065
84066
84067
84068
84069
84070
84071
84072
84073
84074
84075
84076
84077
84078
84079
84080
84081
84082
84083
84084
84085
84086
84087
84088
84089
84090
84091
84092
84093
84094
84095
84096
84097
84098
84099
84101
84102
84103
84104
84105
84106
84107
84108
84109
84110
84111
84112
84113
84114
84115
84116
84117
84118
84119
84120
84121
84122
84123
84124
84125
84126
84127
84128
84129
84130
84131
84132
84133
84134
84135
84136
84137
84138
84139
84140
84141
84142
84143
84144
84145
84146
84147
84148
84149
84150
84151
84152
84153
84154
84155
84156
84157
84158
84159
84160
84161
84162
84163
84164
84165
84166
84167
84168
84169
84170
84171
84172
84173
84174
84175
84176
84177
84178
84179
84180
84181
84182
84183
84184
84185
84186
84187
84188
84189
84190
84191
84192
84193
84194
84195
84196
84197
84198
84199
84201
84202
84203
84204
84205
84206
84207
84208
84209
84210
84211
84212
84213
84214
84215
84216
84217
84218
84219
84220
84221
84222
84223
84224
84225
84226
84227
84228
84229
84230
84231
84232
84233
84234
84235
84236
84237
84238
84239
84240
84241
84242
84243
84244
84245
84246
84247
84248
84249
84250
84251
84252
84253
84254
84255
84256
84257
84258
84259
84260
84261
84262
84263
84264
84265
84266
84267
84268
84269
84270
84271
84272
84273
84274
84275
84276
84277
84278
84279
84280
84281
84282
84283
84284
84285
84286
84287
84288
84289
84290
84291
84292
84293
84294
84295
84296
84297
84298
84299
84301
84302
84303
84304
84305
84306
84307
84308
84309
84310
84311
84312
84313
84314
84315
84316
84317
84318
84319
84320
84321
84322
84323
84324
84325
84326
84327
84328
84329
84330
84331
84332
84333
84334
84335
84336
84337
84338
84339
84340
84341
84342
84343
84344
84345
84346
84347
84348
84349
84350
84351
84352
84353
84354
84355
84356
84357
84358
84359
84360
84361
84362
84363
84364
84365
84366
84367
84368
84369
84370
84371
84372
84373
84374
84375
84376
84377
84378
84379
84380
84381
84382
84383
84384
84385
84386
84387
84388
84389
84390
84391
84392
84393
84394
84395
84396
84397
84398
84399
84401
84402
84403
84404
84405
84406
84407
84408
84409
84410
84411
84412
84413
84414
84415
84416
84417
84418
84419
84420
84421
84422
84423
84424
84425
84426
84427
84428
84429
84430
84431
84432
84433
84434
84435
84436
84437
84438
84439
84440
84441
84442
84443
84444
84445
84446
84447
84448
84449
84450
84451
84452
84453
84454
84455
84456
84457
84458
84459
84460
84461
84462
84463
84464
84465
84466
84467
84468
84469
84470
84471
84472
84473
84474
84475
84476
84477
84478
84479
84480
84481
84482
84483
84484
84485
84486
84487
84488
84489
84490
84491
84492
84493
84494
84495
84496
84497
84498
84499
84501
84502
84503
84504
84505
84506
84507
84508
84509
84510
84511
84512
84513
84514
84515
84516
84517
84518
84519
84520
84521
84522
84523
84524
84525
84526
84527
84528
84529
84530
84531
84532
84533
84534
84535
84536
84537
84538
84539
84540
84541
84542
84543
84544
84545
84546
84547
84548
84549
84550
84551
84552
84553
84554
84555
84556
84557
84558
84559
84560
84561
84562
84563
84564
84565
84566
84567
84568
84569
84570
84571
84572
84573
84574
84575
84576
84577
84578
84579
84580
84581
84582
84583
84584
84585
84586
84587
84588
84589
84590
84591
84592
84593
84594
84595
84596
84597
84598
84599
84601
84602
84603
84604
84605
84606
84607
84608
84609
84610
84611
84612
84613
84614
84615
84616
84617
84618
84619
84620
84621
84622
84623
84624
84625
84626
84627
84628
84629
84630
84631
84632
84633
84634
84635
84636
84637
84638
84639
84640
84641
84642
84643
84644
84645
84646
84647
84648
84649
84650
84651
84652
84653
84654
84655
84656
84657
84658
84659
84660
84661
84662
84663
84664
84665
84666
84667
84668
84669
84670
84671
84672
84673
84674
84675
84676
84677
84678
84679
84680
84681
84682
84683
84684
84685
84686
84687
84688
84689
84690
84691
84692
84693
84694
84695
84696
84697
84698
84699
84701
84703
84705
84707
84709
84711
84713
84715
84717
84719
84721
84723
84725
84727
84729
84731
84733
84735
84737
84739
84741
84743
84745
84747
84749
84751
84753
84755
84757
84759
84761
84763
84765
84767
84769
84771
84773
84775
84777
84779
84781
84783
84785
84787
84789
84791
84793
84795
84797
214351
214352
214353
214354
214355
214356
214357
214358
214359
214360
214361
214362
214363
214364
214365
214366
214367
214368
214369
214370
214371
214372
214373
214374
214375
214376
214377
214378
214379
214380
214381
214382
214383
214384
214385
214386
214387
214388
214389
214390
214391
214392
214393
214394
214395
214396
214397
214398
214399
214400
214401
214402
214403
214404
214405
214406
214407
214408
214409
214410
214411
214412
214413
214414
214415
214416
214417
214418
214419
214420
214421
214422
214423
214424
214425
214426
214427
214428
214429
214430
214431
214432
214433
214434
214435
214436
214437
214438
214439
214440
214441
214442
214443
214444
214445
214446
214447
214448
214449
214450
214451
214452
214453
214454
214455
214456
214457
214458
214459
214460
214461
214462
214463
214464
214465
214466
214467
214468
214469
214470
214471
214472
214473
214474
214475
214476
214477
214478
214479
214480
214481
214482
214483
214484
214485
214486
214487
214488
214489
214490
214491
214492
214493
214494
214495
214496
214497
214498
214499
214500
214501
214502
214503
214504
214505
214506
214507
214508
214509
214510
214511
214512
214513
214514
214515
214516
214517
214518
214519
214520
214521
214522
214523
214524
214525
214526
214527
214528
214529
214530
214531
214532
214533
214534
214535
214536
214537
214538
214539
214540
214541
214542
214543
214544
214545
214546
214547
214548
214549
214550
214551
214552
214553
214554
214555
214556
214557
214558
214559
214560
214561
214562
214563
214564
214565
214566
214567
214568
214569
214570
214571
214572
214573
214574
214575
214576
214577
214578
214579
214580
214581
214582
214583
214584
214585
214586
214587
214588
214589
214590
214591
214592
214593
214594
214595
214596
214597
214598
214599
214600
214601
214602
214603
214604
214605
214606
214607
214608
214609
214610
214611
214612
214613
214614
214615
214616
214617
214618
214619
214620
214621
214622
214623
214624
214625
214626
214627
214628
214629
214630
214631
214632
214633
214634
214635
214636
214637
214638
214639
214640
214641
214642
214643
214644
214645
214646
214647
214648
214649
214650
214651
214652
214653
214654
214655
214656
214657
214658
214659
214660
214661
214662
214663
214664
214665
214666
214667
214668
214669
214670
214671
214672
214673
214674
214675
214676
214677
214678
214679
214680
214681
214682
214683
214684
214685
214686
214687
214688
214689
214690
214691
214692
214693
214694
214695
214696
214697
214698
214699
214700
214701
214702
214703
214704
214705
214706
214707
214708
214709
214710
214711
214712
214713
214714
214715
214716
214717
214718
214719
214720
214721
214722
214723
214724
214725
214726
214727
214728
214729
214730
214731
214732
214733
214734
214735
214736
214737
214738
214739
214740
214741
214742
214743
214744
214745
214746
214747
214748
214749
214750
214751
214752
214753
214754
214755
214756
214757
214758
214759
214760
214761
214762
214763
214764
214765
214766
214767
214768
214769
214770
214771
214772
214773
214774
214775
214776
214777
214778
214779
214780
214781
214782
214783
214784
214785
214786
214787
214788
214789
214790
214791
214792
214793
214794
214795
214796
214797
214798
214799
214800
214801
214802
214803
214804
214805
214806
214807
214808
214809
214810
214811
214812
214813
214814
214815
214816
214817
214818
214819
214820
214821
214822
214823
214824
214825
214826
214827
214828
214829
214830
214831
214832
214833
214834
214835
214836
214837
214838
214839
214840
214841
214842
214843
214844
214845
214846
214847
214848
214849
214850
214851
214852
214853
214854
214855
214856
214857
214858
214859
214860
214861
214862
214863
214864
214865
214866
214867
214868
214869
214870
214871
214872
214873
214874
214875
214876
214877
214878
214879
214880
214881
214882
214883
214884
214885
214886
214887
214888
214889
214890
214891
214892
214893
214894
214895
214896
214897
214898
214899
214900
214901
214902
214903
214904
214905
214906
214907
214908
214909
214910
214911
214912
214913
214914
214915
214916
214917
214918
214919
214920
214921
214922
214923
214924
214925
214926
214927
214928
214929
214930
214931
214932
214933
214934
214935
214936
214937
214938
214939
214940
214941
214942
214943
214944
214945
214946
214947
214948
214949
214950
214951
214952
214953
214954
214955
214956
214957
214958
214959
214960
214961
214962
214963
214964
214965
214966
214967
214968
214969
214970
214971
214972
214973
214974
214975
214976
214977
214978
214979
214980
214981
214982
214983
214984
214985
214986
214987
214988
214989
214990
214991
214992
214993
214994
214995
214996
214997
214998
214999
215000
215001
215002
215003
215004
215005
215006
215007
215008
215009
215010
215011
215012
215013
215014
215015
215016
215017
215018
215019
215020
215021
215022
215023
215024
215025
215026
215027
215028
215029
215030
215031
215032
215033
215034
215035
215036
215037
215038
215039
215040
215041
215042
215043
215044
215045
215046
215047
215048
215049
215050
215051
215052
215053
215054
215055
215056
215057
215058
215059
215060
215061
215062
215063
215064
215065
215066
215067
215068
215069
215070
215071
215072
215073
215074
215075
215076
215077
215078
215079
215080
215081
215082
215083
215084
215085
215086
215087
215088
215089
215090
215091
215092
215093
215094
215095
215096
215097
215098
215099
215100
215101
215102
215103
215104
215105
215106
215107
215108
215109
215110
215111
215112
215113
215114
215115
215116
215117
215118
215119
215120
215121
215122
215123
215124
215125
215126
215127
215128
215129
215130
215131
215132
215133
215134
215135
215136
215137
215138
215139
215140
215141
215142
215143
215144
215145
215146
215147
215148
215149
215150
215151
215152
215153
215154
215155
215156
215157
215158
215159
215160
215161
215162
215163
215164
215165
215166
215167
215168
215169
215170
215171
215172
215173
215174
215175
215176
215177
215178
215179
215180
215181
215182
215183
215184
215185
215186
215187
215188
215189
215190
215191
215192
215193
215194
215195
215196
215197
215198
215199
215200
215201
215202
215203
215204
215205
215206
215207
215208
215209
215210
215211
215212
215213
215214
215215
215216
215217
215218
215219
215220
215221
215222
215223
215224
215225
215226
215227
215228
215229
215230
215231
215232
215233
215234
215235
215236
215237
215238
215239
215240
215241
215242
215243
215244
215245
215246
215247
215248
215249
215250
215251
215252
215253
215254
215255
215256
215257
215258
215259
215260
215261
215262
215263
215264
215265
215266
215267
215268
215269
215270
215271
215272
215273
215274
215275
215276
215277
215278
215279
215280
215281
215282
215283
215284
215285
215286
215287
215288
215289
215290
215291
215292
215293
215294
215295
215296
215297
215298
215299
215300
215301
215302
215303
215304
215305
215306
215307
215308
215309
215310
215311
215312
215313
215314
215315
215316
215317
215318
215319
215320
215321
215322
215323
215324
215325
215326
215327
215328
215329
215330
215331
215332
215333
215334
215335
215336
215337
215338
215339
215340
215341
215342
215343
215344
215345
215346
215347
215348
215349
215350
215351
215352
215353
215354
215355
215356
215357
215358
215359
215360
215361
215362
215363
215364
215365
215366
215367
215368
215369
215370
215371
215372
215373
215374
215375
215376
215377
215378
215379
215380
215381
215382
215383
215384
215385
215386
215387
215388
215389
215390
215391
215392
215393
215394
215395
215396
215397
215398
215399
215400
215401
215402
215403
215404
215405
215406
215407
215408
215409
215410
215411
215412
215413
215414
215415
215416
215417
215418
215419
215420
215421
215422
215423
215424
215425
215426
215427
215428
215429
215430
215431
215432
215433
215434
215435
215436
215437
215438
215439
215440
215441
215442
215443
215444
215445
215446
215447
215448
215449
215450
215451
215452
215453
215454
215455
215456
215457
215458
215459
215460
215461
215462
215463
215464
215465
215466
215467
215468
215469
215470
215471
215472
215473
215474
215475
215476
215477
215478
215479
215480
215481
215482
215483
215484
215485
215486
215487
215488
215489
215490
215491
215492
215493
215494
215495
215496
215497
215498
215499
215500
215501
215502
215503
215504
215505
215506
215507
215508
215509
215510
215511
215512
215513
215514
215515
215516
215517
215518
215519
215520
215521
215522
215523
215524
215525
215526
215527
215528
215529
215530
215531
215532
215533
215534
215535
215536
215537
215538
215539
215540
215541
215542
215543
215544
215545
215546
215547
215548
215549
215550
215551
215552
215553
215554
215555
215556
215557
215558
215559
215560
215561
215562
215563
215564
215565
215566
215567
215568
215569
215570
215571
215572
215573
215574
215575
215576
215577
215578
215579
215580
215581
215582
215583
215584
215585
215586
215587
215588
215589
215590
215591
215592
215593
215594
215595
215596
215597
215598
215599
215600
215601
215602
215603
215604
215605
215606
215607
215608
215609
215610
215611
215612
215613
215614
215615
215616
215617
215618
215619
215620
215621
215622
215623
215624
215625
215626
215627
215628
215629
215630
215631
215632
215633
215634
215635
215636
215637
215638
215639
215640
215641
215642
215643
215644
215645
215646
215647
215648
215649
215650
215651
215652
215653
215654
215655
215656
215657
215658
215659
215660
215661
215662
215663
215664
215665
215666
215667
215668
215669
215670
215671
215672
215673
215674
215675
215676
215677
215678
215679
215680
215681
215682
215683
215684
215685
215686
215687
215688
215689
215690
215691
215692
215693
215694
215695
215696
215697
215698
215699
215700
215701
215702
215703
215704
215705
215706
215707
215708
215709
215710
215711
215712
215713
215714
215715
215716
215717
215718
215719
215720
215721
215722
215723
215724
215725
215726
215727
215728
215729
215730
215731
215732
215733
215734
215735
215736
215737
215738
215739
215740
215741
215742
215743
215744
215745
215746
215747
215748
215749
215750
215751
215752
215753
215754
215755
215756
215757
215758
215759
215760
215761
215762
215763
215764
215765
215766
215767
215768
215769
215770
215771
215772
215773
215774
215775
215776
215777
215778
215779
215780
215781
215782
215783
215784
215785
215786
215787
215788
215789
215790
215791
215792
215793
215794
215795
215796
215797
215798
215799
215800
215801
215802
215803
215804
215805
215806
215807
215808
215809
215810
215811
215812
215813
215814
215815
215816
215817
215818
215819
215820
215821
215822
215823
215824
215825
215826
215827
215828
215829
215830
215831
215832
215833
215834
215835
215836
215837
215838
215839
215840
215841
215842
215843
215844
215845
215846
215847
215848
215849
215850
215851
215852
215853
215854
215855
215856
215857
215858
215859
215860
215861
215862
215863
215864
215865
215866
215867
215868
215869
215870
215871
215872
215873
215874
215875
215876
215877
215878
215879
215880
215881
215882
215883
215884
215885
215886
215887
215888
215889
215890
215891
215892
215893
215894
215895
215896
215897
215898
215899
215900
215901
215902
215903
215904
215905
215906
215907
215908
215909
215910
215911
215912
215913
215914
215915
215916
215917
215918
215919
215920
215921
215922
215923
215924
215925
215926
215927
215928
215929
215930
215931
215932
215933
215934
215935
215936
215937
215938
215939
215940
215941
215942
215943
215944
215945
215946
215947
215948
215949
215950
215951
215952
215953
215954
215955
215956
215957
215958
215959
215960
215961
215962
215963
215964
215965
215966
215967
215968
215969
215970
215971
215972
215973
215974
215975
215976
215977
215978
215979
215980
215981
215982
215983
215984
215985
215986
215987
215988
215989
215990
215991
215992
215993
215994
215995
215996
215997
215998
215999
216000
216001
216002
216003
216004
216005
216006
216007
216008
216009
216010
216011
216012
216013
216014
216015
216016
216017
216018
216019
216020
216021
216022
216023
216024
216025
216026
216027
216028
216029
216030
216031
216032
216033
216034
216035
216036
216037
216038
216039
216040
216041
216042
216043
216044
216045
216046
216047
216048
216049
216050
216051
216052
216053
216054
216055
216056
216057
216058
216059
216060
216061
216062
216063
216064
216065
216066
216067
216068
216069
216070
216071
216072
216073
216074
216075
216076
216077
216078
216079
216080
216081
216082
216083
216084
216085
216086
216087
216088
216089
216090
216091
216092
216093
216094
216095
216096
216097
216098
216099
216100
216101
216102
216103
216104
216105
216106
216107
216108
216109
216110
216111
216112
216113
216114
216115
216116
216117
216118
216119
216120
216121
216122
216123
216124
216125
216126
216127
216128
216129
216130
216131
216132
216133
216134
216135
216136
216137
216138
216139
216140
216141
216142
216143
216144
216145
216146
216147
216148
216149
216150
216151
216152
216153
216154
216155
216156
216157
216158
216159
216160
216161
216162
216163
216164
216165
216166
216167
216168
216169
216170
216171
216172
216173
216174
216175
216176
216177
216178
216179
216180
216181
216182
216183
216184
216185
216186
216187
216188
216189
216190
216191
216192
216193
216194
216195
216196
216197
216198
216199
216200
216201
216202
216203
216204
216205
216206
216207
216208
216209
216210
216211
216212
216213
216214
216215
216216
216217
216218
216219
216220
216221
216222
216223
216224
216225
216226
216227
216228
216229
216230
216231
216232
216233
216234
216235
216236
216237
216238
216239
216240
216241
216242
216243
216244
216245
216246
216247
216248
216249
216250
216251
216252
216253
216254
216255
216256
216257
216258
216259
216260
216261
216262
216263
216264
216265
216266
216267
216268
216269
216270
216271
216272
216273
216274
216275
216276
216277
216278
216279
216280
216281
216282
216283
216284
216285
216286
216287
216288
216289
216290
216291
216292
216293
216294
216295
216296
216297
216298
216299
216300
216301
216302
216303
216304
216305
216306
216307
216308
216309
216310
216311
216312
216313
216314
216315
216316
216317
216318
216319
216320
216321
216322
216323
216324
216325
216326
216327
216328
216329
216330
216331
216332
216333
216334
216335
216336
216337
216338
216339
216340
216341
216342
216343
216344
216345
216346
216347
216348
216349
216350
216351
216352
216353
216354
216355
216356
216357
216358
216359
216360
216361
216362
216363
216364
216365
216366
216367
216368
216369
216370
216371
216372
216373
216374
216375
216376
216377
216378
216379
216380
216381
216382
216383
216384
216385
216386
216387
216388
216389
216390
216391
216392
216393
216394
216395
216396
216397
216398
216399
216400
216401
216402
216403
216404
216405
216406
216407
216408
216409
216410
216411
216412
216413
216414
216415
216416
216417
216418
216419
216420
216421
216422
216423
216424
216425
216426
216427
216428
216429
216430
216431
216432
216433
216434
216435
216436
216437
216438
216439
216440
216441
216442
216443
216444
216445
216446
216447
216448
216449
216450
216451
216452
216453
216454
216455
216456
216457
216458
216459
216460
216461
216462
216463
216464
216465
216466
216467
216468
216469
216470
216471
216472
216473
216474
216475
216476
216477
216478
216479
216480
216481
216482
216483
216484
216485
216486
216487
216488
216489
216490
216491
216492
216493
216494
216495
216496
216497
216498
216499
216500
216501
216502
216503
216504
216505
216506
216507
216508
216509
216510
216511
216512
216513
216514
216515
216516
216517
216518
216519
216520
216521
216522
216523
216524
216525
216526
216527
216528
216529
216530
216531
216532
216533
216534
216535
216536
216537
216538
216539
216540
216541
216542
216543
216544
216545
216546
216547
216548
216549
216550
216551
216552
216553
216554
216555
216556
216557
216558
216559
216560
216561
216562
216563
216564
216565
216566
216567
216568
216569
216570
216571
216572
216573
216574
216575
216576
216577
216578
216579
216580
216581
216582
216583
216584
216585
216586
216587
216588
216589
216590
216591
216592
216593
216594
216595
216596
216597
216598
216599
216600
216601
216602
216603
216604
216605
216606
216607
216608
216609
216610
216611
216612
216613
216614
216615
216616
216617
216618
216619
216620
216621
216622
216623
216624
216625
216626
216627
216628
216629
216630
216631
216632
216633
216634
216635
216636
216637
216638
216639
216640
216641
216642
216643
216644
216645
216646
216647
216648
216649
216650
216651
216652
216653
216654
216655
216656
216657
216658
216659
216660
216661
216662
216663
216664
216665
216666
216667
216668
216669
216670
216671
216672
216673
216674
216675
216676
216677
216678
216679
216680
216681
216682
216683
216684
216685
216686
216687
216688
216689
216690
216691
216692
216693
216694
216695
216696
216697
216698
216699
216700
216701
216702
216703
216704
216705
216706
216707
216708
216709
216710
216711
216712
216713
216714
216715
216716
216717
216718
216719
216720
216721
216722
216723
216724
216725
216726
216727
216728
216729
216730
216731
216732
216733
216734
216735
216736
216737
216738
216739
216740
216741
216742
216743
216744
216745
216746
216747
216748
216749
216750
216751
216752
216753
216754
216755
216756
216757
216758
216759
216760
216761
216762
216763
216764
216765
216766
216767
216768
216769
216770
216771
216772
216773
216774
216775
216776
216777
216778
216779
216780
216781
216782
216783
216784
216785
216786
216787
216788
216789
216790
216791
216792
216793
216794
216795
216796
216797
216798
216799
216800
216801
216802
216803
216804
216805
216806
216807
216808
216809
216810
216811
216812
216813
216814
216815
216816
216817
216818
216819
216820
216821
216822
216823
216824
216825
216826
216827
216828
216829
216830
216831
216832
216833
216834
216835
216836
216837
216838
216839
216840
216841
216842
216843
216844
216845
216846
216847
216848
216849
216850
301851
301852
301853
301854
301855
301856
301857
301858
301859
301860
301861
301862
301863
301864
301865
301866
301867
301868
301869
301870
301871
301872
301873
301874
301875
301876
301877
301878
301879
301880
301881
301882
301883
301884
301885
301886
301887
301888
301889
301890
301891
301892
301893
301894
301895
301896
301897
301898
301899
301900
301901
301902
301903
301904
301905
301906
301907
301908
301909
301910
301911
301912
301913
301914
301915
301916
301917
301918
301919
301920
301921
301922
301923
301924
301925
301926
301927
301928
301929
301930
301931
301932
301933
301934
301935
301936
301937
301938
301939
301940
301941
301942
301943
301944
301945
301946
301947
301948
301949
301950
301951
301952
301953
301954
301955
301956
301957
301958
301959
301960
301961
301962
301963
301964
301965
301966
301967
301968
301969
301970
301971
301972
301973
301974
301975
301976
301977
301978
301979
301980
301981
301982
301983
301984
301985
301986
301987
301988
301989
301990
301991
301992
301993
301994
301995
301996
301997
301998
301999
302000
302001
302002
302003
302004
302005
302006
302007
302008
302009
302010
302011
302012
302013
302014
302015
302016
302017
302018
302019
302020
302021
302022
302023
302024
302025
302026
302027
302028
302029
302030
302031
302032
302033
302034
302035
302036
302037
302038
302039
302040
302041
302042
302043
302044
302045
302046
302047
302048
302049
302050
302051
302052
302053
302054
302055
302056
302057
302058
302059
302060
302061
302062
302063
302064
302065
302066
302067
302068
302069
302070
302071
302072
302073
302074
302075
302076
302077
302078
302079
302080
302081
302082
302083
302084
302085
302086
302087
302088
302089
302090
302091
302092
302093
302094
302095
302096
302097
302098
302099
302100
302101
302102
302103
302104
302105
302106
302107
302108
302109
302110
302111
302112
302113
302114
302115
302116
302117
302118
302119
302120
302121
302122
302123
302124
302125
302126
302127
302128
302129
302130
302131
302132
302133
302134
302135
302136
302137
302138
302139
302140
302141
302142
302143
302144
302145
302146
302147
302148
302149
302150
302151
302152
302153
302154
302155
302156
302157
302158
302159
302160
302161
302162
302163
302164
302165
302166
302167
302168
302169
302170
302171
302172
302173
302174
302175
302176
302177
302178
302179
302180
302181
302182
302183
302184
302185
302186
302187
302188
302189
302190
302191
302192
302193
302194
302195
302196
302197
302198
302199
302200
302201
302202
302203
302204
302205
302206
302207
302208
302209
302210
302211
302212
302213
302214
302215
302216
302217
302218
302219
302220
302221
302222
302223
302224
302225
302226
302227
302228
302229
302230
302231
302232
302233
302234
302235
302236
302237
302238
302239
302240
302241
302242
302243
302244
302245
302246
302247
302248
302249
302250
302251
302252
302253
302254
302255
302256
302257
302258
302259
302260
302261
302262
302263
302264
302265
302266
302267
302268
302269
302270
302271
302272
302273
302274
302275
302276
302277
302278
302279
302280
302281
302282
302283
302284
302285
302286
302287
302288
302289
302290
302291
302292
302293
302294
302295
302296
302297
302298
302299
302300
302301
302302
302303
302304
302305
302306
302307
302308
302309
302310
302311
302312
302313
302314
302315
302316
302317
302318
302319
302320
302321
302322
302323
302324
302325
302326
302327
302328
302329
302330
302331
302332
302333
302334
302335
302336
302337
302338
302339
302340
302341
302342
302343
302344
302345
302346
302347
302348
302349
302350
302351
302352
302353
302354
302355
302356
302357
302358
302359
302360
302361
302362
302363
302364
302365
302366
302367
302368
302369
302370
302371
302372
302373
302374
302375
302376
302377
302378
302379
302380
302381
302382
302383
302384
302385
302386
302387
302388
302389
302390
302391
302392
302393
302394
302395
302396
302397
302398
302399
302400
302401
302402
302403
302404
302405
302406
302407
302408
302409
302410
302411
302412
302413
302414
302415
302416
302417
302418
302419
302420
302421
302422
302423
302424
302425
302426
302427
302428
302429
302430
302431
302432
302433
302434
302435
302436
302437
302438
302439
302440
302441
302442
302443
302444
302445
302446
302447
302448
302449
302450
302451
302452
302453
302454
302455
302456
302457
302458
302459
302460
302461
302462
302463
302464
302465
302466
302467
302468
302469
302470
302471
302472
302473
302474
302475
302476
302477
302478
302479
302480
302481
302482
302483
302484
302485
302486
302487
302488
302489
302490
302491
302492
302493
302494
302495
302496
302497
302498
302499
302500
302501
302502
302503
302504
302505
302506
302507
302508
302509
302510
302511
302512
302513
302514
302515
302516
302517
302518
302519
302520
302521
302522
302523
302524
302525
302526
302527
302528
302529
302530
302531
302532
302533
302534
302535
302536
302537
302538
302539
302540
302541
302542
302543
302544
302545
302546
302547
302548
302549
302550
302551
302552
302553
302554
302555
302556
302557
302558
302559
302560
302561
302562
302563
302564
302565
302566
302567
302568
302569
302570
302571
302572
302573
302574
302575
302576
302577
302578
302579
302580
302581
302582
302583
302584
302585
302586
302587
302588
302589
302590
302591
302592
302593
302594
302595
302596
302597
302598
302599
302600
302601
302602
302603
302604
302605
302606
302607
302608
302609
302610
302611
302612
302613
302614
302615
302616
302617
302618
302619
302620
302621
302622
302623
302624
302625
302626
302627
302628
302629
302630
302631
302632
302633
302634
302635
302636
302637
302638
302639
302640
302641
302642
302643
302644
302645
302646
302647
302648
302649
302650
302651
302652
302653
302654
302655
302656
302657
302658
302659
302660
302661
302662
302663
302664
302665
302666
302667
302668
302669
302670
302671
302672
302673
302674
302675
302676
302677
302678
302679
302680
302681
302682
302683
302684
302685
302686
302687
302688
302689
302690
302691
302692
302693
302694
302695
302696
302697
302698
302699
302700
302701
302702
302703
302704
302705
302706
302707
302708
302709
302710
302711
302712
302713
302714
302715
302716
302717
302718
302719
302720
302721
302722
302723
302724
302725
302726
302727
302728
302729
302730
302731
302732
302733
302734
302735
302736
302737
302738
302739
302740
302741
302742
302743
302744
302745
302746
302747
302748
302749
302750
302751
302752
302753
302754
302755
302756
302757
302758
302759
302760
302761
302762
302763
302764
302765
302766
302767
302768
302769
302770
302771
302772
302773
302774
302775
302776
302777
302778
302779
302780
302781
302782
302783
302784
302785
302786
302787
302788
302789
302790
302791
302792
302793
302794
302795
302796
302797
302798
302799
302800
302801
302802
302803
302804
302805
302806
302807
302808
302809
302810
302811
302812
302813
302814
302815
302816
302817
302818
302819
302820
302821
302822
302823
302824
302825
302826
302827
302828
302829
302830
302831
302832
302833
302834
302835
302836
302837
302838
302839
302840
302841
302842
302843
302844
302845
302846
302847
302848
302849
302850
302851
302852
302853
302854
302855
302856
302857
302858
302859
302860
302861
302862
302863
302864
302865
302866
302867
302868
302869
302870
302871
302872
302873
302874
302875
302876
302877
302878
302879
302880
302881
302882
302883
302884
302885
302886
302887
302888
302889
302890
302891
302892
302893
302894
302895
302896
302897
302898
302899
302900
302901
302902
302903
302904
302905
302906
302907
302908
302909
302910
302911
302912
302913
302914
302915
302916
302917
302918
302919
302920
302921
302922
302923
302924
302925
302926
302927
302928
302929
302930
302931
302932
302933
302934
302935
302936
302937
302938
302939
302940
302941
302942
302943
302944
302945
302946
302947
302948
302949
302950
302951
302952
302953
302954
302955
302956
302957
302958
302959
302960
302961
302962
302963
302964
302965
302966
302967
302968
302969
302970
302971
302972
302973
302974
302975
302976
302977
302978
302979
302980
302981
302982
302983
302984
302985
302986
302987
302988
302989
302990
302991
302992
302993
302994
302995
302996
302997
302998
302999
303000
303001
303002
303003
303004
303005
303006
303007
303008
303009
303010
303011
303012
303013
303014
303015
303016
303017
303018
303019
303020
303021
303022
303023
303024
303025
303026
303027
303028
303029
303030
303031
303032
303033
303034
303035
303036
303037
303038
303039
303040
303041
303042
303043
303044
303045
303046
303047
303048
303049
303050
303051
303052
303053
303054
303055
303056
303057
303058
303059
303060
303061
303062
303063
303064
303065
303066
303067
303068
303069
303070
303071
303072
303073
303074
303075
303076
303077
303078
303079
303080
303081
303082
303083
303084
303085
303086
303087
303088
303089
303090
303091
303092
303093
303094
303095
303096
303097
303098
303099
303100
303101
303102
303103
303104
303105
303106
303107
303108
303109
303110
303111
303112
303113
303114
303115
303116
303117
303118
303119
303120
303121
303122
303123
303124
303125
303126
303127
303128
303129
303130
303131
303132
303133
303134
303135
303136
303137
303138
303139
303140
303141
303142
303143
303144
303145
303146
303147
303148
303149
303150
303151
303152
303153
303154
303155
303156
303157
303158
303159
303160
303161
303162
303163
303164
303165
303166
303167
303168
303169
303170
303171
303172
303173
303174
303175
303176
303177
303178
303179
303180
303181
303182
303183
303184
303185
303186
303187
303188
303189
303190
303191
303192
303193
303194
303195
303196
303197
303198
303199
303200
303201
303202
303203
303204
303205
303206
303207
303208
303209
303210
303211
303212
303213
303214
303215
303216
303217
303218
303219
303220
303221
303222
303223
303224
303225
303226
303227
303228
303229
303230
303231
303232
303233
303234
303235
303236
303237
303238
303239
303240
303241
303242
303243
303244
303245
303246
303247
303248
303249
303250
303251
303252
303253
303254
303255
303256
303257
303258
303259
303260
303261
303262
303263
303264
303265
303266
303267
303268
303269
303270
303271
303272
303273
303274
303275
303276
303277
303278
303279
303280
303281
303282
303283
303284
303285
303286
303287
303288
303289
303290
303291
303292
303293
303294
303295
303296
303297
303298
303299
303300
303301
303302
303303
303304
303305
303306
303307
303308
303309
303310
303311
303312
303313
303314
303315
303316
303317
303318
303319
303320
303321
303322
303323
303324
303325
303326
303327
303328
303329
303330
303331
303332
303333
303334
303335
303336
303337
303338
303339
303340
303341
303342
303343
303344
303345
303346
303347
303348
303349
303350
303351
303352
303353
303354
303355
303356
303357
303358
303359
303360
303361
303362
303363
303364
303365
303366
303367
303368
303369
303370
303371
303372
303373
303374
303375
303376
303377
303378
303379
303380
303381
303382
303383
303384
303385
303386
303387
303388
303389
303390
303391
303392
303393
303394
303395
303396
303397
303398
303399
303400
303401
303402
303403
303404
303405
303406
303407
303408
303409
303410
303411
303412
303413
303414
303415
303416
303417
303418
303419
303420
303421
303422
303423
303424
303425
303426
303427
303428
303429
303430
303431
303432
303433
303434
303435
303436
303437
303438
303439
303440
303441
303442
303443
303444
303445
303446
303447
303448
303449
303450
303451
303452
303453
303454
303455
303456
303457
303458
303459
303460
303461
303462
303463
303464
303465
303466
303467
303468
303469
303470
303471
303472
303473
303474
303475
303476
303477
303478
303479
303480
303481
303482
303483
303484
303485
303486
303487
303488
303489
303490
303491
303492
303493
303494
303495
303496
303497
303498
303499
303500
303501
303502
303503
303504
303505
303506
303507
303508
303509
303510
303511
303512
303513
303514
303515
303516
303517
303518
303519
303520
303521
303522
303523
303524
303525
303526
303527
303528
303529
303530
303531
303532
303533
303534
303535
303536
303537
303538
303539
303540
303541
303542
303543
303544
303545
303546
303547
303548
303549
303550
303551
303552
303553
303554
303555
303556
303557
303558
303559
303560
303561
303562
303563
303564
303565
303566
303567
303568
303569
303570
303571
303572
303573
303574
303575
303576
303577
303578
303579
303580
303581
303582
303583
303584
303585
303586
303587
303588
303589
303590
303591
303592
303593
303594
303595
303596
303597
303598
303599
303600
303601
303602
303603
303604
303605
303606
303607
303608
303609
303610
303611
303612
303613
303614
303615
303616
303617
303618
303619
303620
303621
303622
303623
303624
303625
303626
303627
303628
303629
303630
303631
303632
303633
303634
303635
303636
303637
303638
303639
303640
303641
303642
303643
303644
303645
303646
303647
303648
303649
303650
303651
303652
303653
303654
303655
303656
303657
303658
303659
303660
303661
303662
303663
303664
303665
303666
303667
303668
303669
303670
303671
303672
303673
303674
303675
303676
303677
303678
303679
303680
303681
303682
303683
303684
303685
303686
303687
303688
303689
303690
303691
303692
303693
303694
303695
303696
303697
303698
303699
303700
303701
303702
303703
303704
303705
303706
303707
303708
303709
303710
303711
303712
303713
303714
303715
303716
303717
303718
303719
303720
303721
303722
303723
303724
303725
303726
303727
303728
303729
303730
303731
303732
303733
303734
303735
303736
303737
303738
303739
303740
303741
303742
303743
303744
303745
303746
303747
303748
303749
303750
303751
303752
303753
303754
303755
303756
303757
303758
303759
303760
303761
303762
303763
303764
303765
303766
303767
303768
303769
303770
303771
303772
303773
303774
303775
303776
303777
303778
303779
303780
303781
303782
303783
303784
303785
303786
303787
303788
303789
303790
303791
303792
303793
303794
303795
303796
303797
303798
303799
303800
303801
303802
303803
303804
303805
303806
303807
303808
303809
303810
303811
303812
303813
303814
303815
303816
303817
303818
303819
303820
303821
303822
303823
303824
303825
303826
303827
303828
303829
303830
303831
303832
303833
303834
303835
303836
303837
303838
303839
303840
303841
303842
303843
303844
303845
303846
303847
303848
303849
303850
303851
303852
303853
303854
303855
303856
303857
303858
303859
303860
303861
303862
303863
303864
303865
303866
303867
303868
303869
303870
303871
303872
303873
303874
303875
303876
303877
303878
303879
303880
303881
303882
303883
303884
303885
303886
303887
303888
303889
303890
303891
303892
303893
303894
303895
303896
303897
303898
303899
303900
303901
303902
303903
303904
303905
303906
303907
303908
303909
303910
303911
303912
303913
303914
303915
303916
303917
303918
303919
303920
303921
303922
303923
303924
303925
303926
303927
303928
303929
303930
303931
303932
303933
303934
303935
303936
303937
303938
303939
303940
303941
303942
303943
303944
303945
303946
303947
303948
303949
303950
303951
303952
303953
303954
303955
303956
303957
303958
303959
303960
303961
303962
303963
303964
303965
303966
303967
303968
303969
303970
303971
303972
303973
303974
303975
303976
303977
303978
303979
303980
303981
303982
303983
303984
303985
303986
303987
303988
303989
303990
303991
303992
303993
303994
303995
303996
303997
303998
303999
304000
304001
304002
304003
304004
304005
304006
304007
304008
304009
304010
304011
304012
304013
304014
304015
304016
304017
304018
304019
304020
304021
304022
304023
304024
304025
304026
304027
304028
304029
304030
304031
304032
304033
304034
304035
304036
304037
304038
304039
304040
304041
304042
304043
304044
304045
304046
304047
304048
304049
304050
304051
304052
304053
304054
304055
304056
304057
304058
304059
304060
304061
304062
304063
304064
304065
304066
304067
304068
304069
304070
304071
304072
304073
304074
304075
304076
304077
304078
304079
304080
304081
304082
304083
304084
304085
304086
304087
304088
304089
304090
304091
304092
304093
304094
304095
304096
304097
304098
304099
304100
304101
304102
304103
304104
304105
304106
304107
304108
304109
304110
304111
304112
304113
304114
304115
304116
304117
304118
304119
304120
304121
304122
304123
304124
304125
304126
304127
304128
304129
304130
304131
304132
304133
304134
304135
304136
304137
304138
304139
304140
304141
304142
304143
304144
304145
304146
304147
304148
304149
304150
304151
304152
304153
304154
304155
304156
304157
304158
304159
304160
304161
304162
304163
304164
304165
304166
304167
304168
304169
304170
304171
304172
304173
304174
304175
304176
304177
304178
304179
304180
304181
304182
304183
304184
304185
304186
304187
304188
304189
304190
304191
304192
304193
304194
304195
304196
304197
304198
304199
304200
304201
304202
304203
304204
304205
304206
304207
304208
304209
304210
304211
304212
304213
304214
304215
304216
304217
304218
304219
304220
304221
304222
304223
304224
304225
304226
304227
304228
304229
304230
304231
304232
304233
304234
304235
304236
304237
304238
304239
304240
304241
304242
304243
304244
304245
304246
304247
304248
304249
304250
304251
304252
304253
304254
304255
304256
304257
304258
304259
304260
304261
304262
304263
304264
304265
304266
304267
304268
304269
304270
304271
304272
304273
304274
304275
304276
304277
304278
304279
304280
304281
304282
304283
304284
304285
304286
304287
304288
304289
304290
304291
304292
304293
304294
304295
304296
304297
304298
304299
304300
304301
304302
304303
304304
304305
304306
304307
304308
304309
304310
304311
304312
304313
304314
304315
304316
304317
304318
304319
304320
304321
304322
304323
304324
304325
304326
304327
304328
304329
304330
304331
304332
304333
304334
304335
304336
304337
304338
304339
304340
304341
304342
304343
304344
304345
304346
304347
304348
304349
304350
349551
349552
349553
349554
349555
349556
349557
349558
349559
349560
349561
349562
349563
349564
349565
349566
349567
349568
349569
349570
349571
349572
349573
349574
349575
349576
349577
349578
349579
349580
349581
349582
349583
349584
349585
349586
349587
349588
349589
349590
349591
349592
349593
349594
349595
349596
349597
349598
349599
349600
-64752
-64754
-64756
-64758
-64760
-64762
-64764
-64766
-64768
-64770
-64772
-64774
-64776
-64778
-64780
-64782
-64784
-64786
-64788
-64790
-64792
-64794
-64796
-64798
-64800
-64802
-64804
-64806
-64808
-64810
-64812
-64814
-64816
-64818
-64820
-64822
-64824
-64826
-64828
-64830
-64832
-64834
-64836
-64838
-64840
-64842
-64844
-64846
-64848
-64850
79900
80000
80100
80200
80300
80400
80500
80600
80700
80800
80900
81000
81100
81200
81300
81400
81500
81600
81700
81800
81900
82000
82100
82200
82300
82400
82500
82600
82700
82800
82900
83000
83100
83200
83300
83400
83500
83600
83700
83800
83900
84000
84100
84200
84300
84400
84500
84600
84700
84799
84702
84704
84706
84708
84710
84712
84714
84716
84718
84720
84722
84724
84726
84728
84730
84732
84734
84736
84738
84740
84742
84744
84746
84748
84750
84752
84754
84756
84758
84760
84762
84764
84766
84768
84770
84772
84774
84776
84778
84780
84782
84784
84786
84788
84790
84792
84794
84796
84798
84800
)


// ************************************************************************* //
