/*--------------------------------*- C++ -*----------------------------------*\
| =========                 |                                                 |
| \\      /  F ield         | OpenFOAM: The Open Source CFD Toolbox           |
|  \\    /   O peration     | Version:  v1906                                 |
|   \\  /    A nd           | Web:      www.OpenFOAM.com                      |
|    \\/     M anipulation  |                                                 |
\*---------------------------------------------------------------------------*/
FoamFile
{
    version     2.0;
    format      ascii;
    class       labelList;
    location    "constant/adh18/polyMesh";
    object      faceRegionAddressing;
}
// * * * * * * * * * * * * * * * * * * * * * * * * * * * * * * * * * * * * * //


10100
(
89801
89802
89803
89804
89805
89806
89807
89808
89809
89810
89811
89812
89813
89814
89815
89816
89817
89818
89819
89820
89821
89822
89823
89824
89825
89826
89827
89828
89829
89830
89831
89832
89833
89834
89835
89836
89837
89838
89839
89840
89841
89842
89843
89844
89845
89846
89847
89848
89849
89850
89851
89852
89853
89854
89855
89856
89857
89858
89859
89860
89861
89862
89863
89864
89865
89866
89867
89868
89869
89870
89871
89872
89873
89874
89875
89876
89877
89878
89879
89880
89881
89882
89883
89884
89885
89886
89887
89888
89889
89890
89891
89892
89893
89894
89895
89896
89897
89898
89899
89901
89902
89903
89904
89905
89906
89907
89908
89909
89910
89911
89912
89913
89914
89915
89916
89917
89918
89919
89920
89921
89922
89923
89924
89925
89926
89927
89928
89929
89930
89931
89932
89933
89934
89935
89936
89937
89938
89939
89940
89941
89942
89943
89944
89945
89946
89947
89948
89949
89950
89951
89952
89953
89954
89955
89956
89957
89958
89959
89960
89961
89962
89963
89964
89965
89966
89967
89968
89969
89970
89971
89972
89973
89974
89975
89976
89977
89978
89979
89980
89981
89982
89983
89984
89985
89986
89987
89988
89989
89990
89991
89992
89993
89994
89995
89996
89997
89998
89999
90001
90002
90003
90004
90005
90006
90007
90008
90009
90010
90011
90012
90013
90014
90015
90016
90017
90018
90019
90020
90021
90022
90023
90024
90025
90026
90027
90028
90029
90030
90031
90032
90033
90034
90035
90036
90037
90038
90039
90040
90041
90042
90043
90044
90045
90046
90047
90048
90049
90050
90051
90052
90053
90054
90055
90056
90057
90058
90059
90060
90061
90062
90063
90064
90065
90066
90067
90068
90069
90070
90071
90072
90073
90074
90075
90076
90077
90078
90079
90080
90081
90082
90083
90084
90085
90086
90087
90088
90089
90090
90091
90092
90093
90094
90095
90096
90097
90098
90099
90101
90102
90103
90104
90105
90106
90107
90108
90109
90110
90111
90112
90113
90114
90115
90116
90117
90118
90119
90120
90121
90122
90123
90124
90125
90126
90127
90128
90129
90130
90131
90132
90133
90134
90135
90136
90137
90138
90139
90140
90141
90142
90143
90144
90145
90146
90147
90148
90149
90150
90151
90152
90153
90154
90155
90156
90157
90158
90159
90160
90161
90162
90163
90164
90165
90166
90167
90168
90169
90170
90171
90172
90173
90174
90175
90176
90177
90178
90179
90180
90181
90182
90183
90184
90185
90186
90187
90188
90189
90190
90191
90192
90193
90194
90195
90196
90197
90198
90199
90201
90202
90203
90204
90205
90206
90207
90208
90209
90210
90211
90212
90213
90214
90215
90216
90217
90218
90219
90220
90221
90222
90223
90224
90225
90226
90227
90228
90229
90230
90231
90232
90233
90234
90235
90236
90237
90238
90239
90240
90241
90242
90243
90244
90245
90246
90247
90248
90249
90250
90251
90252
90253
90254
90255
90256
90257
90258
90259
90260
90261
90262
90263
90264
90265
90266
90267
90268
90269
90270
90271
90272
90273
90274
90275
90276
90277
90278
90279
90280
90281
90282
90283
90284
90285
90286
90287
90288
90289
90290
90291
90292
90293
90294
90295
90296
90297
90298
90299
90301
90302
90303
90304
90305
90306
90307
90308
90309
90310
90311
90312
90313
90314
90315
90316
90317
90318
90319
90320
90321
90322
90323
90324
90325
90326
90327
90328
90329
90330
90331
90332
90333
90334
90335
90336
90337
90338
90339
90340
90341
90342
90343
90344
90345
90346
90347
90348
90349
90350
90351
90352
90353
90354
90355
90356
90357
90358
90359
90360
90361
90362
90363
90364
90365
90366
90367
90368
90369
90370
90371
90372
90373
90374
90375
90376
90377
90378
90379
90380
90381
90382
90383
90384
90385
90386
90387
90388
90389
90390
90391
90392
90393
90394
90395
90396
90397
90398
90399
90401
90402
90403
90404
90405
90406
90407
90408
90409
90410
90411
90412
90413
90414
90415
90416
90417
90418
90419
90420
90421
90422
90423
90424
90425
90426
90427
90428
90429
90430
90431
90432
90433
90434
90435
90436
90437
90438
90439
90440
90441
90442
90443
90444
90445
90446
90447
90448
90449
90450
90451
90452
90453
90454
90455
90456
90457
90458
90459
90460
90461
90462
90463
90464
90465
90466
90467
90468
90469
90470
90471
90472
90473
90474
90475
90476
90477
90478
90479
90480
90481
90482
90483
90484
90485
90486
90487
90488
90489
90490
90491
90492
90493
90494
90495
90496
90497
90498
90499
90501
90502
90503
90504
90505
90506
90507
90508
90509
90510
90511
90512
90513
90514
90515
90516
90517
90518
90519
90520
90521
90522
90523
90524
90525
90526
90527
90528
90529
90530
90531
90532
90533
90534
90535
90536
90537
90538
90539
90540
90541
90542
90543
90544
90545
90546
90547
90548
90549
90550
90551
90552
90553
90554
90555
90556
90557
90558
90559
90560
90561
90562
90563
90564
90565
90566
90567
90568
90569
90570
90571
90572
90573
90574
90575
90576
90577
90578
90579
90580
90581
90582
90583
90584
90585
90586
90587
90588
90589
90590
90591
90592
90593
90594
90595
90596
90597
90598
90599
90601
90602
90603
90604
90605
90606
90607
90608
90609
90610
90611
90612
90613
90614
90615
90616
90617
90618
90619
90620
90621
90622
90623
90624
90625
90626
90627
90628
90629
90630
90631
90632
90633
90634
90635
90636
90637
90638
90639
90640
90641
90642
90643
90644
90645
90646
90647
90648
90649
90650
90651
90652
90653
90654
90655
90656
90657
90658
90659
90660
90661
90662
90663
90664
90665
90666
90667
90668
90669
90670
90671
90672
90673
90674
90675
90676
90677
90678
90679
90680
90681
90682
90683
90684
90685
90686
90687
90688
90689
90690
90691
90692
90693
90694
90695
90696
90697
90698
90699
90701
90702
90703
90704
90705
90706
90707
90708
90709
90710
90711
90712
90713
90714
90715
90716
90717
90718
90719
90720
90721
90722
90723
90724
90725
90726
90727
90728
90729
90730
90731
90732
90733
90734
90735
90736
90737
90738
90739
90740
90741
90742
90743
90744
90745
90746
90747
90748
90749
90750
90751
90752
90753
90754
90755
90756
90757
90758
90759
90760
90761
90762
90763
90764
90765
90766
90767
90768
90769
90770
90771
90772
90773
90774
90775
90776
90777
90778
90779
90780
90781
90782
90783
90784
90785
90786
90787
90788
90789
90790
90791
90792
90793
90794
90795
90796
90797
90798
90799
90801
90802
90803
90804
90805
90806
90807
90808
90809
90810
90811
90812
90813
90814
90815
90816
90817
90818
90819
90820
90821
90822
90823
90824
90825
90826
90827
90828
90829
90830
90831
90832
90833
90834
90835
90836
90837
90838
90839
90840
90841
90842
90843
90844
90845
90846
90847
90848
90849
90850
90851
90852
90853
90854
90855
90856
90857
90858
90859
90860
90861
90862
90863
90864
90865
90866
90867
90868
90869
90870
90871
90872
90873
90874
90875
90876
90877
90878
90879
90880
90881
90882
90883
90884
90885
90886
90887
90888
90889
90890
90891
90892
90893
90894
90895
90896
90897
90898
90899
90901
90902
90903
90904
90905
90906
90907
90908
90909
90910
90911
90912
90913
90914
90915
90916
90917
90918
90919
90920
90921
90922
90923
90924
90925
90926
90927
90928
90929
90930
90931
90932
90933
90934
90935
90936
90937
90938
90939
90940
90941
90942
90943
90944
90945
90946
90947
90948
90949
90950
90951
90952
90953
90954
90955
90956
90957
90958
90959
90960
90961
90962
90963
90964
90965
90966
90967
90968
90969
90970
90971
90972
90973
90974
90975
90976
90977
90978
90979
90980
90981
90982
90983
90984
90985
90986
90987
90988
90989
90990
90991
90992
90993
90994
90995
90996
90997
90998
90999
91001
91002
91003
91004
91005
91006
91007
91008
91009
91010
91011
91012
91013
91014
91015
91016
91017
91018
91019
91020
91021
91022
91023
91024
91025
91026
91027
91028
91029
91030
91031
91032
91033
91034
91035
91036
91037
91038
91039
91040
91041
91042
91043
91044
91045
91046
91047
91048
91049
91050
91051
91052
91053
91054
91055
91056
91057
91058
91059
91060
91061
91062
91063
91064
91065
91066
91067
91068
91069
91070
91071
91072
91073
91074
91075
91076
91077
91078
91079
91080
91081
91082
91083
91084
91085
91086
91087
91088
91089
91090
91091
91092
91093
91094
91095
91096
91097
91098
91099
91101
91102
91103
91104
91105
91106
91107
91108
91109
91110
91111
91112
91113
91114
91115
91116
91117
91118
91119
91120
91121
91122
91123
91124
91125
91126
91127
91128
91129
91130
91131
91132
91133
91134
91135
91136
91137
91138
91139
91140
91141
91142
91143
91144
91145
91146
91147
91148
91149
91150
91151
91152
91153
91154
91155
91156
91157
91158
91159
91160
91161
91162
91163
91164
91165
91166
91167
91168
91169
91170
91171
91172
91173
91174
91175
91176
91177
91178
91179
91180
91181
91182
91183
91184
91185
91186
91187
91188
91189
91190
91191
91192
91193
91194
91195
91196
91197
91198
91199
91201
91202
91203
91204
91205
91206
91207
91208
91209
91210
91211
91212
91213
91214
91215
91216
91217
91218
91219
91220
91221
91222
91223
91224
91225
91226
91227
91228
91229
91230
91231
91232
91233
91234
91235
91236
91237
91238
91239
91240
91241
91242
91243
91244
91245
91246
91247
91248
91249
91250
91251
91252
91253
91254
91255
91256
91257
91258
91259
91260
91261
91262
91263
91264
91265
91266
91267
91268
91269
91270
91271
91272
91273
91274
91275
91276
91277
91278
91279
91280
91281
91282
91283
91284
91285
91286
91287
91288
91289
91290
91291
91292
91293
91294
91295
91296
91297
91298
91299
91301
91302
91303
91304
91305
91306
91307
91308
91309
91310
91311
91312
91313
91314
91315
91316
91317
91318
91319
91320
91321
91322
91323
91324
91325
91326
91327
91328
91329
91330
91331
91332
91333
91334
91335
91336
91337
91338
91339
91340
91341
91342
91343
91344
91345
91346
91347
91348
91349
91350
91351
91352
91353
91354
91355
91356
91357
91358
91359
91360
91361
91362
91363
91364
91365
91366
91367
91368
91369
91370
91371
91372
91373
91374
91375
91376
91377
91378
91379
91380
91381
91382
91383
91384
91385
91386
91387
91388
91389
91390
91391
91392
91393
91394
91395
91396
91397
91398
91399
91401
91402
91403
91404
91405
91406
91407
91408
91409
91410
91411
91412
91413
91414
91415
91416
91417
91418
91419
91420
91421
91422
91423
91424
91425
91426
91427
91428
91429
91430
91431
91432
91433
91434
91435
91436
91437
91438
91439
91440
91441
91442
91443
91444
91445
91446
91447
91448
91449
91450
91451
91452
91453
91454
91455
91456
91457
91458
91459
91460
91461
91462
91463
91464
91465
91466
91467
91468
91469
91470
91471
91472
91473
91474
91475
91476
91477
91478
91479
91480
91481
91482
91483
91484
91485
91486
91487
91488
91489
91490
91491
91492
91493
91494
91495
91496
91497
91498
91499
91501
91502
91503
91504
91505
91506
91507
91508
91509
91510
91511
91512
91513
91514
91515
91516
91517
91518
91519
91520
91521
91522
91523
91524
91525
91526
91527
91528
91529
91530
91531
91532
91533
91534
91535
91536
91537
91538
91539
91540
91541
91542
91543
91544
91545
91546
91547
91548
91549
91550
91551
91552
91553
91554
91555
91556
91557
91558
91559
91560
91561
91562
91563
91564
91565
91566
91567
91568
91569
91570
91571
91572
91573
91574
91575
91576
91577
91578
91579
91580
91581
91582
91583
91584
91585
91586
91587
91588
91589
91590
91591
91592
91593
91594
91595
91596
91597
91598
91599
91601
91602
91603
91604
91605
91606
91607
91608
91609
91610
91611
91612
91613
91614
91615
91616
91617
91618
91619
91620
91621
91622
91623
91624
91625
91626
91627
91628
91629
91630
91631
91632
91633
91634
91635
91636
91637
91638
91639
91640
91641
91642
91643
91644
91645
91646
91647
91648
91649
91650
91651
91652
91653
91654
91655
91656
91657
91658
91659
91660
91661
91662
91663
91664
91665
91666
91667
91668
91669
91670
91671
91672
91673
91674
91675
91676
91677
91678
91679
91680
91681
91682
91683
91684
91685
91686
91687
91688
91689
91690
91691
91692
91693
91694
91695
91696
91697
91698
91699
91701
91702
91703
91704
91705
91706
91707
91708
91709
91710
91711
91712
91713
91714
91715
91716
91717
91718
91719
91720
91721
91722
91723
91724
91725
91726
91727
91728
91729
91730
91731
91732
91733
91734
91735
91736
91737
91738
91739
91740
91741
91742
91743
91744
91745
91746
91747
91748
91749
91750
91751
91752
91753
91754
91755
91756
91757
91758
91759
91760
91761
91762
91763
91764
91765
91766
91767
91768
91769
91770
91771
91772
91773
91774
91775
91776
91777
91778
91779
91780
91781
91782
91783
91784
91785
91786
91787
91788
91789
91790
91791
91792
91793
91794
91795
91796
91797
91798
91799
91801
91802
91803
91804
91805
91806
91807
91808
91809
91810
91811
91812
91813
91814
91815
91816
91817
91818
91819
91820
91821
91822
91823
91824
91825
91826
91827
91828
91829
91830
91831
91832
91833
91834
91835
91836
91837
91838
91839
91840
91841
91842
91843
91844
91845
91846
91847
91848
91849
91850
91851
91852
91853
91854
91855
91856
91857
91858
91859
91860
91861
91862
91863
91864
91865
91866
91867
91868
91869
91870
91871
91872
91873
91874
91875
91876
91877
91878
91879
91880
91881
91882
91883
91884
91885
91886
91887
91888
91889
91890
91891
91892
91893
91894
91895
91896
91897
91898
91899
91901
91902
91903
91904
91905
91906
91907
91908
91909
91910
91911
91912
91913
91914
91915
91916
91917
91918
91919
91920
91921
91922
91923
91924
91925
91926
91927
91928
91929
91930
91931
91932
91933
91934
91935
91936
91937
91938
91939
91940
91941
91942
91943
91944
91945
91946
91947
91948
91949
91950
91951
91952
91953
91954
91955
91956
91957
91958
91959
91960
91961
91962
91963
91964
91965
91966
91967
91968
91969
91970
91971
91972
91973
91974
91975
91976
91977
91978
91979
91980
91981
91982
91983
91984
91985
91986
91987
91988
91989
91990
91991
91992
91993
91994
91995
91996
91997
91998
91999
92001
92002
92003
92004
92005
92006
92007
92008
92009
92010
92011
92012
92013
92014
92015
92016
92017
92018
92019
92020
92021
92022
92023
92024
92025
92026
92027
92028
92029
92030
92031
92032
92033
92034
92035
92036
92037
92038
92039
92040
92041
92042
92043
92044
92045
92046
92047
92048
92049
92050
92051
92052
92053
92054
92055
92056
92057
92058
92059
92060
92061
92062
92063
92064
92065
92066
92067
92068
92069
92070
92071
92072
92073
92074
92075
92076
92077
92078
92079
92080
92081
92082
92083
92084
92085
92086
92087
92088
92089
92090
92091
92092
92093
92094
92095
92096
92097
92098
92099
92101
92102
92103
92104
92105
92106
92107
92108
92109
92110
92111
92112
92113
92114
92115
92116
92117
92118
92119
92120
92121
92122
92123
92124
92125
92126
92127
92128
92129
92130
92131
92132
92133
92134
92135
92136
92137
92138
92139
92140
92141
92142
92143
92144
92145
92146
92147
92148
92149
92150
92151
92152
92153
92154
92155
92156
92157
92158
92159
92160
92161
92162
92163
92164
92165
92166
92167
92168
92169
92170
92171
92172
92173
92174
92175
92176
92177
92178
92179
92180
92181
92182
92183
92184
92185
92186
92187
92188
92189
92190
92191
92192
92193
92194
92195
92196
92197
92198
92199
92201
92202
92203
92204
92205
92206
92207
92208
92209
92210
92211
92212
92213
92214
92215
92216
92217
92218
92219
92220
92221
92222
92223
92224
92225
92226
92227
92228
92229
92230
92231
92232
92233
92234
92235
92236
92237
92238
92239
92240
92241
92242
92243
92244
92245
92246
92247
92248
92249
92250
92251
92252
92253
92254
92255
92256
92257
92258
92259
92260
92261
92262
92263
92264
92265
92266
92267
92268
92269
92270
92271
92272
92273
92274
92275
92276
92277
92278
92279
92280
92281
92282
92283
92284
92285
92286
92287
92288
92289
92290
92291
92292
92293
92294
92295
92296
92297
92298
92299
92301
92302
92303
92304
92305
92306
92307
92308
92309
92310
92311
92312
92313
92314
92315
92316
92317
92318
92319
92320
92321
92322
92323
92324
92325
92326
92327
92328
92329
92330
92331
92332
92333
92334
92335
92336
92337
92338
92339
92340
92341
92342
92343
92344
92345
92346
92347
92348
92349
92350
92351
92352
92353
92354
92355
92356
92357
92358
92359
92360
92361
92362
92363
92364
92365
92366
92367
92368
92369
92370
92371
92372
92373
92374
92375
92376
92377
92378
92379
92380
92381
92382
92383
92384
92385
92386
92387
92388
92389
92390
92391
92392
92393
92394
92395
92396
92397
92398
92399
92401
92402
92403
92404
92405
92406
92407
92408
92409
92410
92411
92412
92413
92414
92415
92416
92417
92418
92419
92420
92421
92422
92423
92424
92425
92426
92427
92428
92429
92430
92431
92432
92433
92434
92435
92436
92437
92438
92439
92440
92441
92442
92443
92444
92445
92446
92447
92448
92449
92450
92451
92452
92453
92454
92455
92456
92457
92458
92459
92460
92461
92462
92463
92464
92465
92466
92467
92468
92469
92470
92471
92472
92473
92474
92475
92476
92477
92478
92479
92480
92481
92482
92483
92484
92485
92486
92487
92488
92489
92490
92491
92492
92493
92494
92495
92496
92497
92498
92499
92501
92502
92503
92504
92505
92506
92507
92508
92509
92510
92511
92512
92513
92514
92515
92516
92517
92518
92519
92520
92521
92522
92523
92524
92525
92526
92527
92528
92529
92530
92531
92532
92533
92534
92535
92536
92537
92538
92539
92540
92541
92542
92543
92544
92545
92546
92547
92548
92549
92550
92551
92552
92553
92554
92555
92556
92557
92558
92559
92560
92561
92562
92563
92564
92565
92566
92567
92568
92569
92570
92571
92572
92573
92574
92575
92576
92577
92578
92579
92580
92581
92582
92583
92584
92585
92586
92587
92588
92589
92590
92591
92592
92593
92594
92595
92596
92597
92598
92599
92601
92602
92603
92604
92605
92606
92607
92608
92609
92610
92611
92612
92613
92614
92615
92616
92617
92618
92619
92620
92621
92622
92623
92624
92625
92626
92627
92628
92629
92630
92631
92632
92633
92634
92635
92636
92637
92638
92639
92640
92641
92642
92643
92644
92645
92646
92647
92648
92649
92650
92651
92652
92653
92654
92655
92656
92657
92658
92659
92660
92661
92662
92663
92664
92665
92666
92667
92668
92669
92670
92671
92672
92673
92674
92675
92676
92677
92678
92679
92680
92681
92682
92683
92684
92685
92686
92687
92688
92689
92690
92691
92692
92693
92694
92695
92696
92697
92698
92699
92701
92702
92703
92704
92705
92706
92707
92708
92709
92710
92711
92712
92713
92714
92715
92716
92717
92718
92719
92720
92721
92722
92723
92724
92725
92726
92727
92728
92729
92730
92731
92732
92733
92734
92735
92736
92737
92738
92739
92740
92741
92742
92743
92744
92745
92746
92747
92748
92749
92750
92751
92752
92753
92754
92755
92756
92757
92758
92759
92760
92761
92762
92763
92764
92765
92766
92767
92768
92769
92770
92771
92772
92773
92774
92775
92776
92777
92778
92779
92780
92781
92782
92783
92784
92785
92786
92787
92788
92789
92790
92791
92792
92793
92794
92795
92796
92797
92798
92799
92801
92802
92803
92804
92805
92806
92807
92808
92809
92810
92811
92812
92813
92814
92815
92816
92817
92818
92819
92820
92821
92822
92823
92824
92825
92826
92827
92828
92829
92830
92831
92832
92833
92834
92835
92836
92837
92838
92839
92840
92841
92842
92843
92844
92845
92846
92847
92848
92849
92850
92851
92852
92853
92854
92855
92856
92857
92858
92859
92860
92861
92862
92863
92864
92865
92866
92867
92868
92869
92870
92871
92872
92873
92874
92875
92876
92877
92878
92879
92880
92881
92882
92883
92884
92885
92886
92887
92888
92889
92890
92891
92892
92893
92894
92895
92896
92897
92898
92899
92901
92902
92903
92904
92905
92906
92907
92908
92909
92910
92911
92912
92913
92914
92915
92916
92917
92918
92919
92920
92921
92922
92923
92924
92925
92926
92927
92928
92929
92930
92931
92932
92933
92934
92935
92936
92937
92938
92939
92940
92941
92942
92943
92944
92945
92946
92947
92948
92949
92950
92951
92952
92953
92954
92955
92956
92957
92958
92959
92960
92961
92962
92963
92964
92965
92966
92967
92968
92969
92970
92971
92972
92973
92974
92975
92976
92977
92978
92979
92980
92981
92982
92983
92984
92985
92986
92987
92988
92989
92990
92991
92992
92993
92994
92995
92996
92997
92998
92999
93001
93002
93003
93004
93005
93006
93007
93008
93009
93010
93011
93012
93013
93014
93015
93016
93017
93018
93019
93020
93021
93022
93023
93024
93025
93026
93027
93028
93029
93030
93031
93032
93033
93034
93035
93036
93037
93038
93039
93040
93041
93042
93043
93044
93045
93046
93047
93048
93049
93050
93051
93052
93053
93054
93055
93056
93057
93058
93059
93060
93061
93062
93063
93064
93065
93066
93067
93068
93069
93070
93071
93072
93073
93074
93075
93076
93077
93078
93079
93080
93081
93082
93083
93084
93085
93086
93087
93088
93089
93090
93091
93092
93093
93094
93095
93096
93097
93098
93099
93101
93102
93103
93104
93105
93106
93107
93108
93109
93110
93111
93112
93113
93114
93115
93116
93117
93118
93119
93120
93121
93122
93123
93124
93125
93126
93127
93128
93129
93130
93131
93132
93133
93134
93135
93136
93137
93138
93139
93140
93141
93142
93143
93144
93145
93146
93147
93148
93149
93150
93151
93152
93153
93154
93155
93156
93157
93158
93159
93160
93161
93162
93163
93164
93165
93166
93167
93168
93169
93170
93171
93172
93173
93174
93175
93176
93177
93178
93179
93180
93181
93182
93183
93184
93185
93186
93187
93188
93189
93190
93191
93192
93193
93194
93195
93196
93197
93198
93199
93201
93202
93203
93204
93205
93206
93207
93208
93209
93210
93211
93212
93213
93214
93215
93216
93217
93218
93219
93220
93221
93222
93223
93224
93225
93226
93227
93228
93229
93230
93231
93232
93233
93234
93235
93236
93237
93238
93239
93240
93241
93242
93243
93244
93245
93246
93247
93248
93249
93250
93251
93252
93253
93254
93255
93256
93257
93258
93259
93260
93261
93262
93263
93264
93265
93266
93267
93268
93269
93270
93271
93272
93273
93274
93275
93276
93277
93278
93279
93280
93281
93282
93283
93284
93285
93286
93287
93288
93289
93290
93291
93292
93293
93294
93295
93296
93297
93298
93299
93301
93302
93303
93304
93305
93306
93307
93308
93309
93310
93311
93312
93313
93314
93315
93316
93317
93318
93319
93320
93321
93322
93323
93324
93325
93326
93327
93328
93329
93330
93331
93332
93333
93334
93335
93336
93337
93338
93339
93340
93341
93342
93343
93344
93345
93346
93347
93348
93349
93350
93351
93352
93353
93354
93355
93356
93357
93358
93359
93360
93361
93362
93363
93364
93365
93366
93367
93368
93369
93370
93371
93372
93373
93374
93375
93376
93377
93378
93379
93380
93381
93382
93383
93384
93385
93386
93387
93388
93389
93390
93391
93392
93393
93394
93395
93396
93397
93398
93399
93401
93402
93403
93404
93405
93406
93407
93408
93409
93410
93411
93412
93413
93414
93415
93416
93417
93418
93419
93420
93421
93422
93423
93424
93425
93426
93427
93428
93429
93430
93431
93432
93433
93434
93435
93436
93437
93438
93439
93440
93441
93442
93443
93444
93445
93446
93447
93448
93449
93450
93451
93452
93453
93454
93455
93456
93457
93458
93459
93460
93461
93462
93463
93464
93465
93466
93467
93468
93469
93470
93471
93472
93473
93474
93475
93476
93477
93478
93479
93480
93481
93482
93483
93484
93485
93486
93487
93488
93489
93490
93491
93492
93493
93494
93495
93496
93497
93498
93499
93501
93502
93503
93504
93505
93506
93507
93508
93509
93510
93511
93512
93513
93514
93515
93516
93517
93518
93519
93520
93521
93522
93523
93524
93525
93526
93527
93528
93529
93530
93531
93532
93533
93534
93535
93536
93537
93538
93539
93540
93541
93542
93543
93544
93545
93546
93547
93548
93549
93550
93551
93552
93553
93554
93555
93556
93557
93558
93559
93560
93561
93562
93563
93564
93565
93566
93567
93568
93569
93570
93571
93572
93573
93574
93575
93576
93577
93578
93579
93580
93581
93582
93583
93584
93585
93586
93587
93588
93589
93590
93591
93592
93593
93594
93595
93596
93597
93598
93599
93601
93602
93603
93604
93605
93606
93607
93608
93609
93610
93611
93612
93613
93614
93615
93616
93617
93618
93619
93620
93621
93622
93623
93624
93625
93626
93627
93628
93629
93630
93631
93632
93633
93634
93635
93636
93637
93638
93639
93640
93641
93642
93643
93644
93645
93646
93647
93648
93649
93650
93651
93652
93653
93654
93655
93656
93657
93658
93659
93660
93661
93662
93663
93664
93665
93666
93667
93668
93669
93670
93671
93672
93673
93674
93675
93676
93677
93678
93679
93680
93681
93682
93683
93684
93685
93686
93687
93688
93689
93690
93691
93692
93693
93694
93695
93696
93697
93698
93699
93701
93702
93703
93704
93705
93706
93707
93708
93709
93710
93711
93712
93713
93714
93715
93716
93717
93718
93719
93720
93721
93722
93723
93724
93725
93726
93727
93728
93729
93730
93731
93732
93733
93734
93735
93736
93737
93738
93739
93740
93741
93742
93743
93744
93745
93746
93747
93748
93749
93750
93751
93752
93753
93754
93755
93756
93757
93758
93759
93760
93761
93762
93763
93764
93765
93766
93767
93768
93769
93770
93771
93772
93773
93774
93775
93776
93777
93778
93779
93780
93781
93782
93783
93784
93785
93786
93787
93788
93789
93790
93791
93792
93793
93794
93795
93796
93797
93798
93799
93801
93802
93803
93804
93805
93806
93807
93808
93809
93810
93811
93812
93813
93814
93815
93816
93817
93818
93819
93820
93821
93822
93823
93824
93825
93826
93827
93828
93829
93830
93831
93832
93833
93834
93835
93836
93837
93838
93839
93840
93841
93842
93843
93844
93845
93846
93847
93848
93849
93850
93851
93852
93853
93854
93855
93856
93857
93858
93859
93860
93861
93862
93863
93864
93865
93866
93867
93868
93869
93870
93871
93872
93873
93874
93875
93876
93877
93878
93879
93880
93881
93882
93883
93884
93885
93886
93887
93888
93889
93890
93891
93892
93893
93894
93895
93896
93897
93898
93899
93901
93902
93903
93904
93905
93906
93907
93908
93909
93910
93911
93912
93913
93914
93915
93916
93917
93918
93919
93920
93921
93922
93923
93924
93925
93926
93927
93928
93929
93930
93931
93932
93933
93934
93935
93936
93937
93938
93939
93940
93941
93942
93943
93944
93945
93946
93947
93948
93949
93950
93951
93952
93953
93954
93955
93956
93957
93958
93959
93960
93961
93962
93963
93964
93965
93966
93967
93968
93969
93970
93971
93972
93973
93974
93975
93976
93977
93978
93979
93980
93981
93982
93983
93984
93985
93986
93987
93988
93989
93990
93991
93992
93993
93994
93995
93996
93997
93998
93999
94001
94002
94003
94004
94005
94006
94007
94008
94009
94010
94011
94012
94013
94014
94015
94016
94017
94018
94019
94020
94021
94022
94023
94024
94025
94026
94027
94028
94029
94030
94031
94032
94033
94034
94035
94036
94037
94038
94039
94040
94041
94042
94043
94044
94045
94046
94047
94048
94049
94050
94051
94052
94053
94054
94055
94056
94057
94058
94059
94060
94061
94062
94063
94064
94065
94066
94067
94068
94069
94070
94071
94072
94073
94074
94075
94076
94077
94078
94079
94080
94081
94082
94083
94084
94085
94086
94087
94088
94089
94090
94091
94092
94093
94094
94095
94096
94097
94098
94099
94101
94102
94103
94104
94105
94106
94107
94108
94109
94110
94111
94112
94113
94114
94115
94116
94117
94118
94119
94120
94121
94122
94123
94124
94125
94126
94127
94128
94129
94130
94131
94132
94133
94134
94135
94136
94137
94138
94139
94140
94141
94142
94143
94144
94145
94146
94147
94148
94149
94150
94151
94152
94153
94154
94155
94156
94157
94158
94159
94160
94161
94162
94163
94164
94165
94166
94167
94168
94169
94170
94171
94172
94173
94174
94175
94176
94177
94178
94179
94180
94181
94182
94183
94184
94185
94186
94187
94188
94189
94190
94191
94192
94193
94194
94195
94196
94197
94198
94199
94201
94202
94203
94204
94205
94206
94207
94208
94209
94210
94211
94212
94213
94214
94215
94216
94217
94218
94219
94220
94221
94222
94223
94224
94225
94226
94227
94228
94229
94230
94231
94232
94233
94234
94235
94236
94237
94238
94239
94240
94241
94242
94243
94244
94245
94246
94247
94248
94249
94250
94251
94252
94253
94254
94255
94256
94257
94258
94259
94260
94261
94262
94263
94264
94265
94266
94267
94268
94269
94270
94271
94272
94273
94274
94275
94276
94277
94278
94279
94280
94281
94282
94283
94284
94285
94286
94287
94288
94289
94290
94291
94292
94293
94294
94295
94296
94297
94298
94299
94301
94302
94303
94304
94305
94306
94307
94308
94309
94310
94311
94312
94313
94314
94315
94316
94317
94318
94319
94320
94321
94322
94323
94324
94325
94326
94327
94328
94329
94330
94331
94332
94333
94334
94335
94336
94337
94338
94339
94340
94341
94342
94343
94344
94345
94346
94347
94348
94349
94350
94351
94352
94353
94354
94355
94356
94357
94358
94359
94360
94361
94362
94363
94364
94365
94366
94367
94368
94369
94370
94371
94372
94373
94374
94375
94376
94377
94378
94379
94380
94381
94382
94383
94384
94385
94386
94387
94388
94389
94390
94391
94392
94393
94394
94395
94396
94397
94398
94399
94401
94402
94403
94404
94405
94406
94407
94408
94409
94410
94411
94412
94413
94414
94415
94416
94417
94418
94419
94420
94421
94422
94423
94424
94425
94426
94427
94428
94429
94430
94431
94432
94433
94434
94435
94436
94437
94438
94439
94440
94441
94442
94443
94444
94445
94446
94447
94448
94449
94450
94451
94452
94453
94454
94455
94456
94457
94458
94459
94460
94461
94462
94463
94464
94465
94466
94467
94468
94469
94470
94471
94472
94473
94474
94475
94476
94477
94478
94479
94480
94481
94482
94483
94484
94485
94486
94487
94488
94489
94490
94491
94492
94493
94494
94495
94496
94497
94498
94499
94501
94502
94503
94504
94505
94506
94507
94508
94509
94510
94511
94512
94513
94514
94515
94516
94517
94518
94519
94520
94521
94522
94523
94524
94525
94526
94527
94528
94529
94530
94531
94532
94533
94534
94535
94536
94537
94538
94539
94540
94541
94542
94543
94544
94545
94546
94547
94548
94549
94550
94551
94552
94553
94554
94555
94556
94557
94558
94559
94560
94561
94562
94563
94564
94565
94566
94567
94568
94569
94570
94571
94572
94573
94574
94575
94576
94577
94578
94579
94580
94581
94582
94583
94584
94585
94586
94587
94588
94589
94590
94591
94592
94593
94594
94595
94596
94597
94598
94599
94601
94602
94603
94604
94605
94606
94607
94608
94609
94610
94611
94612
94613
94614
94615
94616
94617
94618
94619
94620
94621
94622
94623
94624
94625
94626
94627
94628
94629
94630
94631
94632
94633
94634
94635
94636
94637
94638
94639
94640
94641
94642
94643
94644
94645
94646
94647
94648
94649
94650
94651
94652
94653
94654
94655
94656
94657
94658
94659
94660
94661
94662
94663
94664
94665
94666
94667
94668
94669
94670
94671
94672
94673
94674
94675
94676
94677
94678
94679
94680
94681
94682
94683
94684
94685
94686
94687
94688
94689
94690
94691
94692
94693
94694
94695
94696
94697
94698
94699
94701
94703
94705
94707
94709
94711
94713
94715
94717
94719
94721
94723
94725
94727
94729
94731
94733
94735
94737
94739
94741
94743
94745
94747
94749
94751
94753
94755
94757
94759
94761
94763
94765
94767
94769
94771
94773
94775
94777
94779
94781
94783
94785
94787
94789
94791
94793
94795
94797
219351
219352
219353
219354
219355
219356
219357
219358
219359
219360
219361
219362
219363
219364
219365
219366
219367
219368
219369
219370
219371
219372
219373
219374
219375
219376
219377
219378
219379
219380
219381
219382
219383
219384
219385
219386
219387
219388
219389
219390
219391
219392
219393
219394
219395
219396
219397
219398
219399
219400
219401
219402
219403
219404
219405
219406
219407
219408
219409
219410
219411
219412
219413
219414
219415
219416
219417
219418
219419
219420
219421
219422
219423
219424
219425
219426
219427
219428
219429
219430
219431
219432
219433
219434
219435
219436
219437
219438
219439
219440
219441
219442
219443
219444
219445
219446
219447
219448
219449
219450
219451
219452
219453
219454
219455
219456
219457
219458
219459
219460
219461
219462
219463
219464
219465
219466
219467
219468
219469
219470
219471
219472
219473
219474
219475
219476
219477
219478
219479
219480
219481
219482
219483
219484
219485
219486
219487
219488
219489
219490
219491
219492
219493
219494
219495
219496
219497
219498
219499
219500
219501
219502
219503
219504
219505
219506
219507
219508
219509
219510
219511
219512
219513
219514
219515
219516
219517
219518
219519
219520
219521
219522
219523
219524
219525
219526
219527
219528
219529
219530
219531
219532
219533
219534
219535
219536
219537
219538
219539
219540
219541
219542
219543
219544
219545
219546
219547
219548
219549
219550
219551
219552
219553
219554
219555
219556
219557
219558
219559
219560
219561
219562
219563
219564
219565
219566
219567
219568
219569
219570
219571
219572
219573
219574
219575
219576
219577
219578
219579
219580
219581
219582
219583
219584
219585
219586
219587
219588
219589
219590
219591
219592
219593
219594
219595
219596
219597
219598
219599
219600
219601
219602
219603
219604
219605
219606
219607
219608
219609
219610
219611
219612
219613
219614
219615
219616
219617
219618
219619
219620
219621
219622
219623
219624
219625
219626
219627
219628
219629
219630
219631
219632
219633
219634
219635
219636
219637
219638
219639
219640
219641
219642
219643
219644
219645
219646
219647
219648
219649
219650
219651
219652
219653
219654
219655
219656
219657
219658
219659
219660
219661
219662
219663
219664
219665
219666
219667
219668
219669
219670
219671
219672
219673
219674
219675
219676
219677
219678
219679
219680
219681
219682
219683
219684
219685
219686
219687
219688
219689
219690
219691
219692
219693
219694
219695
219696
219697
219698
219699
219700
219701
219702
219703
219704
219705
219706
219707
219708
219709
219710
219711
219712
219713
219714
219715
219716
219717
219718
219719
219720
219721
219722
219723
219724
219725
219726
219727
219728
219729
219730
219731
219732
219733
219734
219735
219736
219737
219738
219739
219740
219741
219742
219743
219744
219745
219746
219747
219748
219749
219750
219751
219752
219753
219754
219755
219756
219757
219758
219759
219760
219761
219762
219763
219764
219765
219766
219767
219768
219769
219770
219771
219772
219773
219774
219775
219776
219777
219778
219779
219780
219781
219782
219783
219784
219785
219786
219787
219788
219789
219790
219791
219792
219793
219794
219795
219796
219797
219798
219799
219800
219801
219802
219803
219804
219805
219806
219807
219808
219809
219810
219811
219812
219813
219814
219815
219816
219817
219818
219819
219820
219821
219822
219823
219824
219825
219826
219827
219828
219829
219830
219831
219832
219833
219834
219835
219836
219837
219838
219839
219840
219841
219842
219843
219844
219845
219846
219847
219848
219849
219850
219851
219852
219853
219854
219855
219856
219857
219858
219859
219860
219861
219862
219863
219864
219865
219866
219867
219868
219869
219870
219871
219872
219873
219874
219875
219876
219877
219878
219879
219880
219881
219882
219883
219884
219885
219886
219887
219888
219889
219890
219891
219892
219893
219894
219895
219896
219897
219898
219899
219900
219901
219902
219903
219904
219905
219906
219907
219908
219909
219910
219911
219912
219913
219914
219915
219916
219917
219918
219919
219920
219921
219922
219923
219924
219925
219926
219927
219928
219929
219930
219931
219932
219933
219934
219935
219936
219937
219938
219939
219940
219941
219942
219943
219944
219945
219946
219947
219948
219949
219950
219951
219952
219953
219954
219955
219956
219957
219958
219959
219960
219961
219962
219963
219964
219965
219966
219967
219968
219969
219970
219971
219972
219973
219974
219975
219976
219977
219978
219979
219980
219981
219982
219983
219984
219985
219986
219987
219988
219989
219990
219991
219992
219993
219994
219995
219996
219997
219998
219999
220000
220001
220002
220003
220004
220005
220006
220007
220008
220009
220010
220011
220012
220013
220014
220015
220016
220017
220018
220019
220020
220021
220022
220023
220024
220025
220026
220027
220028
220029
220030
220031
220032
220033
220034
220035
220036
220037
220038
220039
220040
220041
220042
220043
220044
220045
220046
220047
220048
220049
220050
220051
220052
220053
220054
220055
220056
220057
220058
220059
220060
220061
220062
220063
220064
220065
220066
220067
220068
220069
220070
220071
220072
220073
220074
220075
220076
220077
220078
220079
220080
220081
220082
220083
220084
220085
220086
220087
220088
220089
220090
220091
220092
220093
220094
220095
220096
220097
220098
220099
220100
220101
220102
220103
220104
220105
220106
220107
220108
220109
220110
220111
220112
220113
220114
220115
220116
220117
220118
220119
220120
220121
220122
220123
220124
220125
220126
220127
220128
220129
220130
220131
220132
220133
220134
220135
220136
220137
220138
220139
220140
220141
220142
220143
220144
220145
220146
220147
220148
220149
220150
220151
220152
220153
220154
220155
220156
220157
220158
220159
220160
220161
220162
220163
220164
220165
220166
220167
220168
220169
220170
220171
220172
220173
220174
220175
220176
220177
220178
220179
220180
220181
220182
220183
220184
220185
220186
220187
220188
220189
220190
220191
220192
220193
220194
220195
220196
220197
220198
220199
220200
220201
220202
220203
220204
220205
220206
220207
220208
220209
220210
220211
220212
220213
220214
220215
220216
220217
220218
220219
220220
220221
220222
220223
220224
220225
220226
220227
220228
220229
220230
220231
220232
220233
220234
220235
220236
220237
220238
220239
220240
220241
220242
220243
220244
220245
220246
220247
220248
220249
220250
220251
220252
220253
220254
220255
220256
220257
220258
220259
220260
220261
220262
220263
220264
220265
220266
220267
220268
220269
220270
220271
220272
220273
220274
220275
220276
220277
220278
220279
220280
220281
220282
220283
220284
220285
220286
220287
220288
220289
220290
220291
220292
220293
220294
220295
220296
220297
220298
220299
220300
220301
220302
220303
220304
220305
220306
220307
220308
220309
220310
220311
220312
220313
220314
220315
220316
220317
220318
220319
220320
220321
220322
220323
220324
220325
220326
220327
220328
220329
220330
220331
220332
220333
220334
220335
220336
220337
220338
220339
220340
220341
220342
220343
220344
220345
220346
220347
220348
220349
220350
220351
220352
220353
220354
220355
220356
220357
220358
220359
220360
220361
220362
220363
220364
220365
220366
220367
220368
220369
220370
220371
220372
220373
220374
220375
220376
220377
220378
220379
220380
220381
220382
220383
220384
220385
220386
220387
220388
220389
220390
220391
220392
220393
220394
220395
220396
220397
220398
220399
220400
220401
220402
220403
220404
220405
220406
220407
220408
220409
220410
220411
220412
220413
220414
220415
220416
220417
220418
220419
220420
220421
220422
220423
220424
220425
220426
220427
220428
220429
220430
220431
220432
220433
220434
220435
220436
220437
220438
220439
220440
220441
220442
220443
220444
220445
220446
220447
220448
220449
220450
220451
220452
220453
220454
220455
220456
220457
220458
220459
220460
220461
220462
220463
220464
220465
220466
220467
220468
220469
220470
220471
220472
220473
220474
220475
220476
220477
220478
220479
220480
220481
220482
220483
220484
220485
220486
220487
220488
220489
220490
220491
220492
220493
220494
220495
220496
220497
220498
220499
220500
220501
220502
220503
220504
220505
220506
220507
220508
220509
220510
220511
220512
220513
220514
220515
220516
220517
220518
220519
220520
220521
220522
220523
220524
220525
220526
220527
220528
220529
220530
220531
220532
220533
220534
220535
220536
220537
220538
220539
220540
220541
220542
220543
220544
220545
220546
220547
220548
220549
220550
220551
220552
220553
220554
220555
220556
220557
220558
220559
220560
220561
220562
220563
220564
220565
220566
220567
220568
220569
220570
220571
220572
220573
220574
220575
220576
220577
220578
220579
220580
220581
220582
220583
220584
220585
220586
220587
220588
220589
220590
220591
220592
220593
220594
220595
220596
220597
220598
220599
220600
220601
220602
220603
220604
220605
220606
220607
220608
220609
220610
220611
220612
220613
220614
220615
220616
220617
220618
220619
220620
220621
220622
220623
220624
220625
220626
220627
220628
220629
220630
220631
220632
220633
220634
220635
220636
220637
220638
220639
220640
220641
220642
220643
220644
220645
220646
220647
220648
220649
220650
220651
220652
220653
220654
220655
220656
220657
220658
220659
220660
220661
220662
220663
220664
220665
220666
220667
220668
220669
220670
220671
220672
220673
220674
220675
220676
220677
220678
220679
220680
220681
220682
220683
220684
220685
220686
220687
220688
220689
220690
220691
220692
220693
220694
220695
220696
220697
220698
220699
220700
220701
220702
220703
220704
220705
220706
220707
220708
220709
220710
220711
220712
220713
220714
220715
220716
220717
220718
220719
220720
220721
220722
220723
220724
220725
220726
220727
220728
220729
220730
220731
220732
220733
220734
220735
220736
220737
220738
220739
220740
220741
220742
220743
220744
220745
220746
220747
220748
220749
220750
220751
220752
220753
220754
220755
220756
220757
220758
220759
220760
220761
220762
220763
220764
220765
220766
220767
220768
220769
220770
220771
220772
220773
220774
220775
220776
220777
220778
220779
220780
220781
220782
220783
220784
220785
220786
220787
220788
220789
220790
220791
220792
220793
220794
220795
220796
220797
220798
220799
220800
220801
220802
220803
220804
220805
220806
220807
220808
220809
220810
220811
220812
220813
220814
220815
220816
220817
220818
220819
220820
220821
220822
220823
220824
220825
220826
220827
220828
220829
220830
220831
220832
220833
220834
220835
220836
220837
220838
220839
220840
220841
220842
220843
220844
220845
220846
220847
220848
220849
220850
220851
220852
220853
220854
220855
220856
220857
220858
220859
220860
220861
220862
220863
220864
220865
220866
220867
220868
220869
220870
220871
220872
220873
220874
220875
220876
220877
220878
220879
220880
220881
220882
220883
220884
220885
220886
220887
220888
220889
220890
220891
220892
220893
220894
220895
220896
220897
220898
220899
220900
220901
220902
220903
220904
220905
220906
220907
220908
220909
220910
220911
220912
220913
220914
220915
220916
220917
220918
220919
220920
220921
220922
220923
220924
220925
220926
220927
220928
220929
220930
220931
220932
220933
220934
220935
220936
220937
220938
220939
220940
220941
220942
220943
220944
220945
220946
220947
220948
220949
220950
220951
220952
220953
220954
220955
220956
220957
220958
220959
220960
220961
220962
220963
220964
220965
220966
220967
220968
220969
220970
220971
220972
220973
220974
220975
220976
220977
220978
220979
220980
220981
220982
220983
220984
220985
220986
220987
220988
220989
220990
220991
220992
220993
220994
220995
220996
220997
220998
220999
221000
221001
221002
221003
221004
221005
221006
221007
221008
221009
221010
221011
221012
221013
221014
221015
221016
221017
221018
221019
221020
221021
221022
221023
221024
221025
221026
221027
221028
221029
221030
221031
221032
221033
221034
221035
221036
221037
221038
221039
221040
221041
221042
221043
221044
221045
221046
221047
221048
221049
221050
221051
221052
221053
221054
221055
221056
221057
221058
221059
221060
221061
221062
221063
221064
221065
221066
221067
221068
221069
221070
221071
221072
221073
221074
221075
221076
221077
221078
221079
221080
221081
221082
221083
221084
221085
221086
221087
221088
221089
221090
221091
221092
221093
221094
221095
221096
221097
221098
221099
221100
221101
221102
221103
221104
221105
221106
221107
221108
221109
221110
221111
221112
221113
221114
221115
221116
221117
221118
221119
221120
221121
221122
221123
221124
221125
221126
221127
221128
221129
221130
221131
221132
221133
221134
221135
221136
221137
221138
221139
221140
221141
221142
221143
221144
221145
221146
221147
221148
221149
221150
221151
221152
221153
221154
221155
221156
221157
221158
221159
221160
221161
221162
221163
221164
221165
221166
221167
221168
221169
221170
221171
221172
221173
221174
221175
221176
221177
221178
221179
221180
221181
221182
221183
221184
221185
221186
221187
221188
221189
221190
221191
221192
221193
221194
221195
221196
221197
221198
221199
221200
221201
221202
221203
221204
221205
221206
221207
221208
221209
221210
221211
221212
221213
221214
221215
221216
221217
221218
221219
221220
221221
221222
221223
221224
221225
221226
221227
221228
221229
221230
221231
221232
221233
221234
221235
221236
221237
221238
221239
221240
221241
221242
221243
221244
221245
221246
221247
221248
221249
221250
221251
221252
221253
221254
221255
221256
221257
221258
221259
221260
221261
221262
221263
221264
221265
221266
221267
221268
221269
221270
221271
221272
221273
221274
221275
221276
221277
221278
221279
221280
221281
221282
221283
221284
221285
221286
221287
221288
221289
221290
221291
221292
221293
221294
221295
221296
221297
221298
221299
221300
221301
221302
221303
221304
221305
221306
221307
221308
221309
221310
221311
221312
221313
221314
221315
221316
221317
221318
221319
221320
221321
221322
221323
221324
221325
221326
221327
221328
221329
221330
221331
221332
221333
221334
221335
221336
221337
221338
221339
221340
221341
221342
221343
221344
221345
221346
221347
221348
221349
221350
221351
221352
221353
221354
221355
221356
221357
221358
221359
221360
221361
221362
221363
221364
221365
221366
221367
221368
221369
221370
221371
221372
221373
221374
221375
221376
221377
221378
221379
221380
221381
221382
221383
221384
221385
221386
221387
221388
221389
221390
221391
221392
221393
221394
221395
221396
221397
221398
221399
221400
221401
221402
221403
221404
221405
221406
221407
221408
221409
221410
221411
221412
221413
221414
221415
221416
221417
221418
221419
221420
221421
221422
221423
221424
221425
221426
221427
221428
221429
221430
221431
221432
221433
221434
221435
221436
221437
221438
221439
221440
221441
221442
221443
221444
221445
221446
221447
221448
221449
221450
221451
221452
221453
221454
221455
221456
221457
221458
221459
221460
221461
221462
221463
221464
221465
221466
221467
221468
221469
221470
221471
221472
221473
221474
221475
221476
221477
221478
221479
221480
221481
221482
221483
221484
221485
221486
221487
221488
221489
221490
221491
221492
221493
221494
221495
221496
221497
221498
221499
221500
221501
221502
221503
221504
221505
221506
221507
221508
221509
221510
221511
221512
221513
221514
221515
221516
221517
221518
221519
221520
221521
221522
221523
221524
221525
221526
221527
221528
221529
221530
221531
221532
221533
221534
221535
221536
221537
221538
221539
221540
221541
221542
221543
221544
221545
221546
221547
221548
221549
221550
221551
221552
221553
221554
221555
221556
221557
221558
221559
221560
221561
221562
221563
221564
221565
221566
221567
221568
221569
221570
221571
221572
221573
221574
221575
221576
221577
221578
221579
221580
221581
221582
221583
221584
221585
221586
221587
221588
221589
221590
221591
221592
221593
221594
221595
221596
221597
221598
221599
221600
221601
221602
221603
221604
221605
221606
221607
221608
221609
221610
221611
221612
221613
221614
221615
221616
221617
221618
221619
221620
221621
221622
221623
221624
221625
221626
221627
221628
221629
221630
221631
221632
221633
221634
221635
221636
221637
221638
221639
221640
221641
221642
221643
221644
221645
221646
221647
221648
221649
221650
221651
221652
221653
221654
221655
221656
221657
221658
221659
221660
221661
221662
221663
221664
221665
221666
221667
221668
221669
221670
221671
221672
221673
221674
221675
221676
221677
221678
221679
221680
221681
221682
221683
221684
221685
221686
221687
221688
221689
221690
221691
221692
221693
221694
221695
221696
221697
221698
221699
221700
221701
221702
221703
221704
221705
221706
221707
221708
221709
221710
221711
221712
221713
221714
221715
221716
221717
221718
221719
221720
221721
221722
221723
221724
221725
221726
221727
221728
221729
221730
221731
221732
221733
221734
221735
221736
221737
221738
221739
221740
221741
221742
221743
221744
221745
221746
221747
221748
221749
221750
221751
221752
221753
221754
221755
221756
221757
221758
221759
221760
221761
221762
221763
221764
221765
221766
221767
221768
221769
221770
221771
221772
221773
221774
221775
221776
221777
221778
221779
221780
221781
221782
221783
221784
221785
221786
221787
221788
221789
221790
221791
221792
221793
221794
221795
221796
221797
221798
221799
221800
221801
221802
221803
221804
221805
221806
221807
221808
221809
221810
221811
221812
221813
221814
221815
221816
221817
221818
221819
221820
221821
221822
221823
221824
221825
221826
221827
221828
221829
221830
221831
221832
221833
221834
221835
221836
221837
221838
221839
221840
221841
221842
221843
221844
221845
221846
221847
221848
221849
221850
306851
306852
306853
306854
306855
306856
306857
306858
306859
306860
306861
306862
306863
306864
306865
306866
306867
306868
306869
306870
306871
306872
306873
306874
306875
306876
306877
306878
306879
306880
306881
306882
306883
306884
306885
306886
306887
306888
306889
306890
306891
306892
306893
306894
306895
306896
306897
306898
306899
306900
306901
306902
306903
306904
306905
306906
306907
306908
306909
306910
306911
306912
306913
306914
306915
306916
306917
306918
306919
306920
306921
306922
306923
306924
306925
306926
306927
306928
306929
306930
306931
306932
306933
306934
306935
306936
306937
306938
306939
306940
306941
306942
306943
306944
306945
306946
306947
306948
306949
306950
306951
306952
306953
306954
306955
306956
306957
306958
306959
306960
306961
306962
306963
306964
306965
306966
306967
306968
306969
306970
306971
306972
306973
306974
306975
306976
306977
306978
306979
306980
306981
306982
306983
306984
306985
306986
306987
306988
306989
306990
306991
306992
306993
306994
306995
306996
306997
306998
306999
307000
307001
307002
307003
307004
307005
307006
307007
307008
307009
307010
307011
307012
307013
307014
307015
307016
307017
307018
307019
307020
307021
307022
307023
307024
307025
307026
307027
307028
307029
307030
307031
307032
307033
307034
307035
307036
307037
307038
307039
307040
307041
307042
307043
307044
307045
307046
307047
307048
307049
307050
307051
307052
307053
307054
307055
307056
307057
307058
307059
307060
307061
307062
307063
307064
307065
307066
307067
307068
307069
307070
307071
307072
307073
307074
307075
307076
307077
307078
307079
307080
307081
307082
307083
307084
307085
307086
307087
307088
307089
307090
307091
307092
307093
307094
307095
307096
307097
307098
307099
307100
307101
307102
307103
307104
307105
307106
307107
307108
307109
307110
307111
307112
307113
307114
307115
307116
307117
307118
307119
307120
307121
307122
307123
307124
307125
307126
307127
307128
307129
307130
307131
307132
307133
307134
307135
307136
307137
307138
307139
307140
307141
307142
307143
307144
307145
307146
307147
307148
307149
307150
307151
307152
307153
307154
307155
307156
307157
307158
307159
307160
307161
307162
307163
307164
307165
307166
307167
307168
307169
307170
307171
307172
307173
307174
307175
307176
307177
307178
307179
307180
307181
307182
307183
307184
307185
307186
307187
307188
307189
307190
307191
307192
307193
307194
307195
307196
307197
307198
307199
307200
307201
307202
307203
307204
307205
307206
307207
307208
307209
307210
307211
307212
307213
307214
307215
307216
307217
307218
307219
307220
307221
307222
307223
307224
307225
307226
307227
307228
307229
307230
307231
307232
307233
307234
307235
307236
307237
307238
307239
307240
307241
307242
307243
307244
307245
307246
307247
307248
307249
307250
307251
307252
307253
307254
307255
307256
307257
307258
307259
307260
307261
307262
307263
307264
307265
307266
307267
307268
307269
307270
307271
307272
307273
307274
307275
307276
307277
307278
307279
307280
307281
307282
307283
307284
307285
307286
307287
307288
307289
307290
307291
307292
307293
307294
307295
307296
307297
307298
307299
307300
307301
307302
307303
307304
307305
307306
307307
307308
307309
307310
307311
307312
307313
307314
307315
307316
307317
307318
307319
307320
307321
307322
307323
307324
307325
307326
307327
307328
307329
307330
307331
307332
307333
307334
307335
307336
307337
307338
307339
307340
307341
307342
307343
307344
307345
307346
307347
307348
307349
307350
307351
307352
307353
307354
307355
307356
307357
307358
307359
307360
307361
307362
307363
307364
307365
307366
307367
307368
307369
307370
307371
307372
307373
307374
307375
307376
307377
307378
307379
307380
307381
307382
307383
307384
307385
307386
307387
307388
307389
307390
307391
307392
307393
307394
307395
307396
307397
307398
307399
307400
307401
307402
307403
307404
307405
307406
307407
307408
307409
307410
307411
307412
307413
307414
307415
307416
307417
307418
307419
307420
307421
307422
307423
307424
307425
307426
307427
307428
307429
307430
307431
307432
307433
307434
307435
307436
307437
307438
307439
307440
307441
307442
307443
307444
307445
307446
307447
307448
307449
307450
307451
307452
307453
307454
307455
307456
307457
307458
307459
307460
307461
307462
307463
307464
307465
307466
307467
307468
307469
307470
307471
307472
307473
307474
307475
307476
307477
307478
307479
307480
307481
307482
307483
307484
307485
307486
307487
307488
307489
307490
307491
307492
307493
307494
307495
307496
307497
307498
307499
307500
307501
307502
307503
307504
307505
307506
307507
307508
307509
307510
307511
307512
307513
307514
307515
307516
307517
307518
307519
307520
307521
307522
307523
307524
307525
307526
307527
307528
307529
307530
307531
307532
307533
307534
307535
307536
307537
307538
307539
307540
307541
307542
307543
307544
307545
307546
307547
307548
307549
307550
307551
307552
307553
307554
307555
307556
307557
307558
307559
307560
307561
307562
307563
307564
307565
307566
307567
307568
307569
307570
307571
307572
307573
307574
307575
307576
307577
307578
307579
307580
307581
307582
307583
307584
307585
307586
307587
307588
307589
307590
307591
307592
307593
307594
307595
307596
307597
307598
307599
307600
307601
307602
307603
307604
307605
307606
307607
307608
307609
307610
307611
307612
307613
307614
307615
307616
307617
307618
307619
307620
307621
307622
307623
307624
307625
307626
307627
307628
307629
307630
307631
307632
307633
307634
307635
307636
307637
307638
307639
307640
307641
307642
307643
307644
307645
307646
307647
307648
307649
307650
307651
307652
307653
307654
307655
307656
307657
307658
307659
307660
307661
307662
307663
307664
307665
307666
307667
307668
307669
307670
307671
307672
307673
307674
307675
307676
307677
307678
307679
307680
307681
307682
307683
307684
307685
307686
307687
307688
307689
307690
307691
307692
307693
307694
307695
307696
307697
307698
307699
307700
307701
307702
307703
307704
307705
307706
307707
307708
307709
307710
307711
307712
307713
307714
307715
307716
307717
307718
307719
307720
307721
307722
307723
307724
307725
307726
307727
307728
307729
307730
307731
307732
307733
307734
307735
307736
307737
307738
307739
307740
307741
307742
307743
307744
307745
307746
307747
307748
307749
307750
307751
307752
307753
307754
307755
307756
307757
307758
307759
307760
307761
307762
307763
307764
307765
307766
307767
307768
307769
307770
307771
307772
307773
307774
307775
307776
307777
307778
307779
307780
307781
307782
307783
307784
307785
307786
307787
307788
307789
307790
307791
307792
307793
307794
307795
307796
307797
307798
307799
307800
307801
307802
307803
307804
307805
307806
307807
307808
307809
307810
307811
307812
307813
307814
307815
307816
307817
307818
307819
307820
307821
307822
307823
307824
307825
307826
307827
307828
307829
307830
307831
307832
307833
307834
307835
307836
307837
307838
307839
307840
307841
307842
307843
307844
307845
307846
307847
307848
307849
307850
307851
307852
307853
307854
307855
307856
307857
307858
307859
307860
307861
307862
307863
307864
307865
307866
307867
307868
307869
307870
307871
307872
307873
307874
307875
307876
307877
307878
307879
307880
307881
307882
307883
307884
307885
307886
307887
307888
307889
307890
307891
307892
307893
307894
307895
307896
307897
307898
307899
307900
307901
307902
307903
307904
307905
307906
307907
307908
307909
307910
307911
307912
307913
307914
307915
307916
307917
307918
307919
307920
307921
307922
307923
307924
307925
307926
307927
307928
307929
307930
307931
307932
307933
307934
307935
307936
307937
307938
307939
307940
307941
307942
307943
307944
307945
307946
307947
307948
307949
307950
307951
307952
307953
307954
307955
307956
307957
307958
307959
307960
307961
307962
307963
307964
307965
307966
307967
307968
307969
307970
307971
307972
307973
307974
307975
307976
307977
307978
307979
307980
307981
307982
307983
307984
307985
307986
307987
307988
307989
307990
307991
307992
307993
307994
307995
307996
307997
307998
307999
308000
308001
308002
308003
308004
308005
308006
308007
308008
308009
308010
308011
308012
308013
308014
308015
308016
308017
308018
308019
308020
308021
308022
308023
308024
308025
308026
308027
308028
308029
308030
308031
308032
308033
308034
308035
308036
308037
308038
308039
308040
308041
308042
308043
308044
308045
308046
308047
308048
308049
308050
308051
308052
308053
308054
308055
308056
308057
308058
308059
308060
308061
308062
308063
308064
308065
308066
308067
308068
308069
308070
308071
308072
308073
308074
308075
308076
308077
308078
308079
308080
308081
308082
308083
308084
308085
308086
308087
308088
308089
308090
308091
308092
308093
308094
308095
308096
308097
308098
308099
308100
308101
308102
308103
308104
308105
308106
308107
308108
308109
308110
308111
308112
308113
308114
308115
308116
308117
308118
308119
308120
308121
308122
308123
308124
308125
308126
308127
308128
308129
308130
308131
308132
308133
308134
308135
308136
308137
308138
308139
308140
308141
308142
308143
308144
308145
308146
308147
308148
308149
308150
308151
308152
308153
308154
308155
308156
308157
308158
308159
308160
308161
308162
308163
308164
308165
308166
308167
308168
308169
308170
308171
308172
308173
308174
308175
308176
308177
308178
308179
308180
308181
308182
308183
308184
308185
308186
308187
308188
308189
308190
308191
308192
308193
308194
308195
308196
308197
308198
308199
308200
308201
308202
308203
308204
308205
308206
308207
308208
308209
308210
308211
308212
308213
308214
308215
308216
308217
308218
308219
308220
308221
308222
308223
308224
308225
308226
308227
308228
308229
308230
308231
308232
308233
308234
308235
308236
308237
308238
308239
308240
308241
308242
308243
308244
308245
308246
308247
308248
308249
308250
308251
308252
308253
308254
308255
308256
308257
308258
308259
308260
308261
308262
308263
308264
308265
308266
308267
308268
308269
308270
308271
308272
308273
308274
308275
308276
308277
308278
308279
308280
308281
308282
308283
308284
308285
308286
308287
308288
308289
308290
308291
308292
308293
308294
308295
308296
308297
308298
308299
308300
308301
308302
308303
308304
308305
308306
308307
308308
308309
308310
308311
308312
308313
308314
308315
308316
308317
308318
308319
308320
308321
308322
308323
308324
308325
308326
308327
308328
308329
308330
308331
308332
308333
308334
308335
308336
308337
308338
308339
308340
308341
308342
308343
308344
308345
308346
308347
308348
308349
308350
308351
308352
308353
308354
308355
308356
308357
308358
308359
308360
308361
308362
308363
308364
308365
308366
308367
308368
308369
308370
308371
308372
308373
308374
308375
308376
308377
308378
308379
308380
308381
308382
308383
308384
308385
308386
308387
308388
308389
308390
308391
308392
308393
308394
308395
308396
308397
308398
308399
308400
308401
308402
308403
308404
308405
308406
308407
308408
308409
308410
308411
308412
308413
308414
308415
308416
308417
308418
308419
308420
308421
308422
308423
308424
308425
308426
308427
308428
308429
308430
308431
308432
308433
308434
308435
308436
308437
308438
308439
308440
308441
308442
308443
308444
308445
308446
308447
308448
308449
308450
308451
308452
308453
308454
308455
308456
308457
308458
308459
308460
308461
308462
308463
308464
308465
308466
308467
308468
308469
308470
308471
308472
308473
308474
308475
308476
308477
308478
308479
308480
308481
308482
308483
308484
308485
308486
308487
308488
308489
308490
308491
308492
308493
308494
308495
308496
308497
308498
308499
308500
308501
308502
308503
308504
308505
308506
308507
308508
308509
308510
308511
308512
308513
308514
308515
308516
308517
308518
308519
308520
308521
308522
308523
308524
308525
308526
308527
308528
308529
308530
308531
308532
308533
308534
308535
308536
308537
308538
308539
308540
308541
308542
308543
308544
308545
308546
308547
308548
308549
308550
308551
308552
308553
308554
308555
308556
308557
308558
308559
308560
308561
308562
308563
308564
308565
308566
308567
308568
308569
308570
308571
308572
308573
308574
308575
308576
308577
308578
308579
308580
308581
308582
308583
308584
308585
308586
308587
308588
308589
308590
308591
308592
308593
308594
308595
308596
308597
308598
308599
308600
308601
308602
308603
308604
308605
308606
308607
308608
308609
308610
308611
308612
308613
308614
308615
308616
308617
308618
308619
308620
308621
308622
308623
308624
308625
308626
308627
308628
308629
308630
308631
308632
308633
308634
308635
308636
308637
308638
308639
308640
308641
308642
308643
308644
308645
308646
308647
308648
308649
308650
308651
308652
308653
308654
308655
308656
308657
308658
308659
308660
308661
308662
308663
308664
308665
308666
308667
308668
308669
308670
308671
308672
308673
308674
308675
308676
308677
308678
308679
308680
308681
308682
308683
308684
308685
308686
308687
308688
308689
308690
308691
308692
308693
308694
308695
308696
308697
308698
308699
308700
308701
308702
308703
308704
308705
308706
308707
308708
308709
308710
308711
308712
308713
308714
308715
308716
308717
308718
308719
308720
308721
308722
308723
308724
308725
308726
308727
308728
308729
308730
308731
308732
308733
308734
308735
308736
308737
308738
308739
308740
308741
308742
308743
308744
308745
308746
308747
308748
308749
308750
308751
308752
308753
308754
308755
308756
308757
308758
308759
308760
308761
308762
308763
308764
308765
308766
308767
308768
308769
308770
308771
308772
308773
308774
308775
308776
308777
308778
308779
308780
308781
308782
308783
308784
308785
308786
308787
308788
308789
308790
308791
308792
308793
308794
308795
308796
308797
308798
308799
308800
308801
308802
308803
308804
308805
308806
308807
308808
308809
308810
308811
308812
308813
308814
308815
308816
308817
308818
308819
308820
308821
308822
308823
308824
308825
308826
308827
308828
308829
308830
308831
308832
308833
308834
308835
308836
308837
308838
308839
308840
308841
308842
308843
308844
308845
308846
308847
308848
308849
308850
308851
308852
308853
308854
308855
308856
308857
308858
308859
308860
308861
308862
308863
308864
308865
308866
308867
308868
308869
308870
308871
308872
308873
308874
308875
308876
308877
308878
308879
308880
308881
308882
308883
308884
308885
308886
308887
308888
308889
308890
308891
308892
308893
308894
308895
308896
308897
308898
308899
308900
308901
308902
308903
308904
308905
308906
308907
308908
308909
308910
308911
308912
308913
308914
308915
308916
308917
308918
308919
308920
308921
308922
308923
308924
308925
308926
308927
308928
308929
308930
308931
308932
308933
308934
308935
308936
308937
308938
308939
308940
308941
308942
308943
308944
308945
308946
308947
308948
308949
308950
308951
308952
308953
308954
308955
308956
308957
308958
308959
308960
308961
308962
308963
308964
308965
308966
308967
308968
308969
308970
308971
308972
308973
308974
308975
308976
308977
308978
308979
308980
308981
308982
308983
308984
308985
308986
308987
308988
308989
308990
308991
308992
308993
308994
308995
308996
308997
308998
308999
309000
309001
309002
309003
309004
309005
309006
309007
309008
309009
309010
309011
309012
309013
309014
309015
309016
309017
309018
309019
309020
309021
309022
309023
309024
309025
309026
309027
309028
309029
309030
309031
309032
309033
309034
309035
309036
309037
309038
309039
309040
309041
309042
309043
309044
309045
309046
309047
309048
309049
309050
309051
309052
309053
309054
309055
309056
309057
309058
309059
309060
309061
309062
309063
309064
309065
309066
309067
309068
309069
309070
309071
309072
309073
309074
309075
309076
309077
309078
309079
309080
309081
309082
309083
309084
309085
309086
309087
309088
309089
309090
309091
309092
309093
309094
309095
309096
309097
309098
309099
309100
309101
309102
309103
309104
309105
309106
309107
309108
309109
309110
309111
309112
309113
309114
309115
309116
309117
309118
309119
309120
309121
309122
309123
309124
309125
309126
309127
309128
309129
309130
309131
309132
309133
309134
309135
309136
309137
309138
309139
309140
309141
309142
309143
309144
309145
309146
309147
309148
309149
309150
309151
309152
309153
309154
309155
309156
309157
309158
309159
309160
309161
309162
309163
309164
309165
309166
309167
309168
309169
309170
309171
309172
309173
309174
309175
309176
309177
309178
309179
309180
309181
309182
309183
309184
309185
309186
309187
309188
309189
309190
309191
309192
309193
309194
309195
309196
309197
309198
309199
309200
309201
309202
309203
309204
309205
309206
309207
309208
309209
309210
309211
309212
309213
309214
309215
309216
309217
309218
309219
309220
309221
309222
309223
309224
309225
309226
309227
309228
309229
309230
309231
309232
309233
309234
309235
309236
309237
309238
309239
309240
309241
309242
309243
309244
309245
309246
309247
309248
309249
309250
309251
309252
309253
309254
309255
309256
309257
309258
309259
309260
309261
309262
309263
309264
309265
309266
309267
309268
309269
309270
309271
309272
309273
309274
309275
309276
309277
309278
309279
309280
309281
309282
309283
309284
309285
309286
309287
309288
309289
309290
309291
309292
309293
309294
309295
309296
309297
309298
309299
309300
309301
309302
309303
309304
309305
309306
309307
309308
309309
309310
309311
309312
309313
309314
309315
309316
309317
309318
309319
309320
309321
309322
309323
309324
309325
309326
309327
309328
309329
309330
309331
309332
309333
309334
309335
309336
309337
309338
309339
309340
309341
309342
309343
309344
309345
309346
309347
309348
309349
309350
-74752
-74754
-74756
-74758
-74760
-74762
-74764
-74766
-74768
-74770
-74772
-74774
-74776
-74778
-74780
-74782
-74784
-74786
-74788
-74790
-74792
-74794
-74796
-74798
-74800
-74802
-74804
-74806
-74808
-74810
-74812
-74814
-74816
-74818
-74820
-74822
-74824
-74826
-74828
-74830
-74832
-74834
-74836
-74838
-74840
-74842
-74844
-74846
-74848
-74850
-84900
-85000
-85100
-85200
-85300
-85400
-85500
-85600
-85700
-85800
-85900
-86000
-86100
-86200
-86300
-86400
-86500
-86600
-86700
-86800
-86900
-87000
-87100
-87200
-87300
-87400
-87500
-87600
-87700
-87800
-87900
-88000
-88100
-88200
-88300
-88400
-88500
-88600
-88700
-88800
-88900
-89000
-89100
-89200
-89300
-89400
-89500
-89600
-89700
-89799
89900
90000
90100
90200
90300
90400
90500
90600
90700
90800
90900
91000
91100
91200
91300
91400
91500
91600
91700
91800
91900
92000
92100
92200
92300
92400
92500
92600
92700
92800
92900
93000
93100
93200
93300
93400
93500
93600
93700
93800
93900
94000
94100
94200
94300
94400
94500
94600
94700
94799
94702
94704
94706
94708
94710
94712
94714
94716
94718
94720
94722
94724
94726
94728
94730
94732
94734
94736
94738
94740
94742
94744
94746
94748
94750
94752
94754
94756
94758
94760
94762
94764
94766
94768
94770
94772
94774
94776
94778
94780
94782
94784
94786
94788
94790
94792
94794
94796
94798
94800
)


// ************************************************************************* //
